1	22.59	22.33	22.43	22.49	22.57	21.98	22.49	22.38
2	22.59	22.29	22.38	22.50	22.56	21.87	22.48	22.39
3	22.59	22.25	22.32	22.50	22.55	21.77	22.48	22.39
4	22.59	22.20	22.28	22.50	22.53	21.71	22.48	22.39
5	22.60	22.16	22.22	22.50	22.51	21.68	22.48	22.39
6	22.60	22.13	22.19	22.50	22.49	21.70	22.48	22.40
7	22.60	22.12	22.18	22.50	22.47	21.78	22.47	22.39
8	22.60	22.12	22.18	22.49	22.46	21.88	22.47	22.40
9	22.59	22.15	22.21	22.50	22.44	22.02	22.46	22.41
10	22.59	22.18	22.25	22.49	22.43	22.18	22.45	22.40
11	22.59	22.24	22.32	22.49	22.43	22.37	22.45	22.40
12	22.59	22.30	22.40	22.48	22.43	22.57	22.44	22.41
13	22.59	22.38	22.50	22.48	22.44	22.79	22.44	22.41
14	22.59	22.47	22.62	22.48	22.46	23.02	22.43	22.41
15	22.59	22.57	22.74	22.48	22.48	23.25	22.44	22.42
16	22.58	22.69	22.87	22.47	22.52	23.50	22.44	22.41
17	22.59	22.81	23.01	22.48	22.56	23.73	22.44	22.41
18	22.59	22.93	23.16	22.48	22.61	23.98	22.45	22.42
19	22.59	23.06	23.33	22.48	22.66	24.22	22.46	22.42
20	22.59	23.20	23.49	22.49	22.72	24.46	22.47	22.42
21	22.60	23.33	23.65	22.50	22.78	24.70	22.48	22.42
22	22.61	23.48	23.83	22.50	22.85	24.94	22.51	22.42
23	22.62	23.62	24.00	22.51	22.93	25.18	22.53	22.43
24	22.63	23.77	24.18	22.53	23.00	25.41	22.56	22.43
25	22.65	23.92	24.36	22.55	23.09	25.65	22.59	22.42
26	22.66	24.07	24.54	22.57	23.18	25.87	22.63	22.43
27	22.68	24.22	24.72	22.59	23.27	26.10	22.67	22.44
28	22.70	24.38	24.91	22.62	23.36	26.33	22.70	22.44
29	22.72	24.53	25.08	22.64	23.45	26.54	22.76	22.43
30	22.74	24.68	25.26	22.67	23.54	26.76	22.80	22.43
31	22.77	24.84	25.45	22.70	23.65	26.97	22.85	22.44
32	22.80	24.99	25.62	22.73	23.75	27.18	22.90	22.44
33	22.82	25.13	25.80	22.76	23.86	27.38	22.96	22.44
34	22.86	25.28	25.98	22.80	23.97	27.58	23.02	22.44
35	22.88	25.44	26.16	22.84	24.07	27.78	23.08	22.44
36	22.92	25.58	26.33	22.88	24.18	27.98	23.15	22.45
37	22.95	25.73	26.50	22.93	24.29	28.17	23.22	22.45
38	22.99	25.88	26.67	22.97	24.40	28.36	23.29	22.45
39	23.03	26.02	26.84	23.01	24.51	28.55	23.36	22.46
40	23.07	26.17	27.01	23.06	24.63	28.73	23.43	22.45
41	23.11	26.31	27.18	23.11	24.74	28.91	23.51	22.46
42	23.15	26.46	27.33	23.16	24.86	29.09	23.59	22.46
43	23.20	26.60	27.50	23.21	24.97	29.26	23.66	22.46
44	23.24	26.73	27.66	23.26	25.09	29.44	23.74	22.46
45	23.28	26.86	27.81	23.32	25.21	29.60	23.83	22.47
46	23.33	27.00	27.97	23.38	25.32	29.77	23.92	22.46
47	23.38	27.13	28.13	23.43	25.44	29.94	24.00	22.46
48	23.43	27.27	28.28	23.48	25.55	30.10	24.09	22.47
49	23.47	27.41	28.43	23.54	25.67	30.26	24.18	22.48
50	23.52	27.53	28.58	23.60	25.79	30.41	24.26	22.48
51	23.58	27.67	28.73	23.66	25.91	30.57	24.35	22.47
52	23.63	27.79	28.87	23.72	26.03	30.73	24.44	22.48
53	23.68	27.92	29.02	23.78	26.15	30.88	24.54	22.48
54	23.73	28.05	29.16	23.84	26.27	31.03	24.63	22.48
55	23.78	28.16	29.30	23.90	26.38	31.17	24.72	22.48
56	23.84	28.29	29.44	23.97	26.50	31.32	24.82	22.49
57	23.89	28.41	29.57	24.03	26.62	31.46	24.91	22.49
58	23.95	28.53	29.71	24.09	26.74	31.61	25.01	22.49
59	24.01	28.65	29.84	24.16	26.86	31.75	25.10	22.50
60	24.06	28.76	29.97	24.23	26.98	31.89	25.20	22.50
61	24.12	28.89	30.10	24.29	27.10	32.02	25.29	22.51
62	24.18	29.00	30.23	24.36	27.21	32.16	25.39	22.51
63	24.24	29.11	30.36	24.42	27.33	32.29	25.48	22.51
64	24.29	29.22	30.47	24.49	27.45	32.42	25.58	22.51
65	24.35	29.33	30.60	24.56	27.57	32.56	25.69	22.52
66	24.41	29.45	30.72	24.63	27.69	32.69	25.78	22.52
67	24.48	29.55	30.84	24.69	27.80	32.81	25.88	22.52
68	24.53	29.66	30.96	24.76	27.91	32.94	25.97	22.53
69	24.59	29.77	31.08	24.82	28.04	33.06	26.07	22.53
70	24.65	29.88	31.19	24.89	28.15	33.19	26.17	22.54
71	24.71	29.98	31.30	24.96	28.26	33.32	26.27	22.54
72	24.77	30.09	31.42	25.03	28.38	33.44	26.37	22.54
73	24.82	30.18	31.53	25.10	28.50	33.56	26.46	22.55
74	24.89	30.29	31.64	25.16	28.62	33.68	26.56	22.55
75	24.96	30.39	31.75	25.23	28.73	33.81	26.65	22.55
76	25.01	30.49	31.86	25.30	28.85	33.92	26.75	22.55
77	25.07	30.59	31.96	25.37	28.96	34.04	26.85	22.56
78	25.13	30.69	32.06	25.44	29.07	34.15	26.95	22.57
79	25.20	30.78	32.17	25.51	29.19	34.27	27.05	22.58
80	25.26	30.88	32.27	25.58	29.30	34.39	27.14	22.57
81	25.32	30.98	32.38	25.65	29.41	34.50	27.24	22.59
82	25.38	31.07	32.48	25.72	29.52	34.60	27.33	22.59
83	25.44	31.16	32.57	25.79	29.63	34.72	27.43	22.60
84	25.51	31.25	32.67	25.86	29.75	34.82	27.52	22.60
85	25.57	31.33	32.76	25.92	29.86	34.88	27.62	22.61
86	25.63	31.42	32.83	25.99	29.97	34.90	27.72	22.61
87	25.69	31.47	32.88	26.06	30.08	34.87	27.80	22.62
88	25.75	31.51	32.92	26.13	30.19	34.81	27.89	22.62
89	25.81	31.53	32.93	26.20	30.28	34.70	27.99	22.63
90	25.87	31.54	32.92	26.26	30.38	34.55	28.08	22.64
91	25.94	31.52	32.88	26.34	30.46	34.39	28.17	22.64
92	26.01	31.49	32.83	26.40	30.54	34.21	28.25	22.65
93	26.05	31.44	32.75	26.47	30.61	34.01	28.34	22.65
94	26.12	31.38	32.66	26.53	30.67	33.79	28.42	22.66
95	26.17	31.30	32.57	26.60	30.72	33.56	28.50	22.67
96	26.24	31.21	32.44	26.65	30.76	33.34	28.57	22.68
97	26.29	31.12	32.31	26.71	30.80	33.09	28.64	22.68
98	26.34	31.03	32.18	26.77	30.82	32.86	28.71	22.69
99	26.39	30.91	32.02	26.82	30.84	32.62	28.77	22.70
100	26.44	30.79	31.87	26.88	30.84	32.39	28.82	22.71
101	26.49	30.68	31.71	26.92	30.84	32.16	28.87	22.72
102	26.53	30.55	31.55	26.96	30.84	31.92	28.92	22.72
103	26.57	30.42	31.38	27.00	30.82	31.70	28.96	22.74
104	26.61	30.29	31.21	27.04	30.81	31.47	28.99	22.74
105	26.64	30.16	31.05	27.08	30.79	31.25	29.02	22.75
106	26.68	30.02	30.87	27.11	30.76	31.04	29.05	22.75
107	26.71	29.89	30.70	27.14	30.73	30.82	29.07	22.77
108	26.74	29.75	30.52	27.16	30.69	30.62	29.08	22.77
109	26.77	29.61	30.35	27.19	30.65	30.41	29.10	22.79
110	26.79	29.48	30.18	27.20	30.61	30.21	29.10	22.79
111	26.81	29.35	30.01	27.22	30.56	30.01	29.10	22.81
112	26.83	29.22	29.83	27.23	30.51	29.82	29.10	22.81
113	26.84	29.08	29.67	27.24	30.46	29.64	29.09	22.82
114	26.86	28.95	29.51	27.25	30.41	29.47	29.09	22.83
115	26.87	28.82	29.35	27.26	30.35	29.29	29.07	22.84
116	26.88	28.69	29.19	27.26	30.29	29.12	29.05	22.85
117	26.89	28.56	29.02	27.26	30.23	28.95	29.03	22.86
118	26.90	28.43	28.86	27.26	30.17	28.79	29.01	22.87
119	26.90	28.31	28.71	27.25	30.11	28.63	28.98	22.88
120	26.90	28.19	28.56	27.25	30.04	28.48	28.95	22.89
121	26.90	28.07	28.41	27.24	29.98	28.32	28.92	22.90
122	26.90	27.95	28.26	27.23	29.92	28.18	28.88	22.91
123	26.90	27.83	28.11	27.22	29.84	28.04	28.85	22.92
124	26.90	27.72	27.97	27.21	29.78	27.90	28.80	22.94
125	26.89	27.60	27.83	27.19	29.71	27.76	28.76	22.95
126	26.88	27.50	27.70	27.17	29.64	27.63	28.73	22.96
127	26.87	27.38	27.56	27.16	29.57	27.49	28.67	22.97
128	26.87	27.27	27.43	27.14	29.50	27.37	28.63	22.98
129	26.86	27.17	27.29	27.12	29.43	27.24	28.58	23.00
130	26.85	27.06	27.17	27.10	29.36	27.12	28.53	23.00
131	26.84	26.95	27.05	27.08	29.28	27.00	28.47	23.02
132	26.82	26.85	26.92	27.06	29.21	26.89	28.42	23.03
133	26.80	26.76	26.80	27.03	29.14	26.77	28.37	23.04
134	26.79	26.66	26.69	27.01	29.07	26.66	28.31	23.05
135	26.77	26.56	26.57	26.99	29.00	26.56	28.26	23.06
136	26.76	26.47	26.46	26.96	28.92	26.46	28.20	23.08
137	26.74	26.38	26.35	26.94	28.86	26.35	28.14	23.08
138	26.73	26.29	26.24	26.90	28.78	26.25	28.08	23.10
139	26.71	26.20	26.14	26.88	28.70	26.15	28.02	23.11
140	26.69	26.12	26.03	26.84	28.63	26.06	27.96	23.12
141	26.67	26.03	25.93	26.82	28.55	25.96	27.90	23.13
142	26.65	25.95	25.83	26.79	28.49	25.87	27.84	23.14
143	26.63	25.87	25.74	26.76	28.41	25.78	27.78	23.16
144	26.61	25.79	25.64	26.73	28.34	25.69	27.72	23.17
145	26.59	25.71	25.55	26.70	28.27	25.60	27.66	23.19
146	26.57	25.63	25.46	26.67	28.20	25.52	27.60	23.20
147	26.55	25.56	25.37	26.64	28.13	25.44	27.52	23.21
148	26.53	25.48	25.28	26.60	28.06	25.36	27.46	23.22
149	26.51	25.41	25.20	26.58	27.99	25.28	27.40	23.23
150	26.48	25.34	25.12	26.54	27.92	25.20	27.34	23.24
151	26.46	25.27	25.04	26.51	27.85	25.12	27.28	23.26
152	26.44	25.20	24.96	26.48	27.78	25.04	27.21	23.27
153	26.42	25.13	24.88	26.45	27.71	24.98	27.15	23.29
154	26.39	25.07	24.81	26.42	27.64	24.90	27.09	23.29
155	26.37	25.01	24.73	26.39	27.57	24.84	27.02	23.31
156	26.35	24.95	24.66	26.36	27.50	24.76	26.96	23.32
157	26.32	24.88	24.59	26.32	27.44	24.70	26.90	23.33
158	26.30	24.82	24.52	26.28	27.37	24.63	26.84	23.34
159	26.27	24.76	24.45	26.25	27.30	24.57	26.78	23.35
160	26.25	24.70	24.38	26.22	27.23	24.50	26.71	23.36
161	26.22	24.65	24.32	26.19	27.17	24.44	26.65	23.37
162	26.20	24.60	24.26	26.15	27.10	24.38	26.59	23.38
163	26.18	24.54	24.20	26.12	27.04	24.33	26.53	23.39
164	26.15	24.49	24.15	26.09	26.98	24.31	26.48	23.41
165	26.13	24.46	24.11	26.06	26.91	24.35	26.41	23.41
166	26.10	24.43	24.09	26.02	26.85	24.43	26.35	23.43
167	26.08	24.43	24.10	25.99	26.79	24.57	26.30	23.44
168	26.06	24.46	24.13	25.96	26.73	24.74	26.24	23.44
169	26.03	24.49	24.19	25.93	26.69	24.95	26.18	23.46
170	26.01	24.56	24.26	25.90	26.65	25.18	26.13	23.47
171	25.98	24.63	24.37	25.87	26.62	25.44	26.08	23.48
172	25.96	24.73	24.48	25.84	26.61	25.73	26.02	23.49
173	25.93	24.84	24.62	25.82	26.60	26.00	25.98	23.50
174	25.92	24.96	24.78	25.79	26.60	26.31	25.94	23.51
175	25.90	25.10	24.95	25.77	26.60	26.61	25.90	23.52
176	25.88	25.25	25.12	25.74	26.63	26.92	25.86	23.52
177	25.87	25.40	25.32	25.72	26.65	27.23	25.83	23.53
178	25.85	25.57	25.52	25.71	26.69	27.54	25.81	23.54
179	25.84	25.74	25.73	25.69	26.73	27.85	25.79	23.55
180	25.83	25.92	25.94	25.68	26.80	28.16	25.78	23.56
181	25.83	26.09	26.16	25.67	26.85	28.46	25.77	23.57
182	25.82	26.28	26.39	25.67	26.92	28.76	25.77	23.58
183	25.83	26.46	26.61	25.67	26.99	29.06	25.78	23.59
184	25.83	26.66	26.84	25.67	27.07	29.34	25.78	23.60
185	25.84	26.85	27.07	25.68	27.16	29.64	25.79	23.61
186	25.84	27.04	27.30	25.69	27.25	29.92	25.81	23.61
187	25.85	27.24	27.52	25.71	27.33	30.20	25.84	23.62
188	25.87	27.42	27.76	25.72	27.44	30.47	25.86	23.63
189	25.89	27.61	27.99	25.75	27.54	30.74	25.90	23.63
190	25.90	27.80	28.21	25.76	27.65	31.01	25.94	23.64
191	25.93	28.00	28.45	25.79	27.75	31.27	25.98	23.65
192	25.95	28.18	28.67	25.82	27.87	31.51	26.03	23.66
193	25.97	28.38	28.90	25.85	27.97	31.77	26.08	23.67
194	26.00	28.57	29.12	25.88	28.08	32.01	26.13	23.68
195	26.04	28.75	29.34	25.91	28.20	32.25	26.19	23.68
196	26.07	28.93	29.56	25.96	28.32	32.49	26.26	23.69
197	26.11	29.12	29.78	26.01	28.44	32.71	26.32	23.70
198	26.15	29.30	29.99	26.05	28.57	32.94	26.39	23.71
199	26.18	29.48	30.20	26.10	28.68	33.16	26.46	23.71
200	26.22	29.66	30.41	26.14	28.81	33.39	26.53	23.71
201	26.27	29.83	30.61	26.19	28.93	33.60	26.61	23.72
202	26.31	30.01	30.82	26.24	29.06	33.81	26.70	23.73
203	26.36	30.19	31.02	26.30	29.19	34.02	26.77	23.74
204	26.41	30.35	31.22	26.36	29.32	34.22	26.86	23.74
205	26.46	30.53	31.41	26.42	29.44	34.42	26.95	23.75
206	26.50	30.69	31.61	26.48	29.58	34.62	27.05	23.75
207	26.56	30.86	31.80	26.53	29.70	34.82	27.14	23.76
208	26.61	31.02	31.99	26.59	29.84	35.00	27.23	23.77
209	26.66	31.18	32.17	26.66	29.97	35.18	27.32	23.77
210	26.72	31.34	32.35	26.72	30.10	35.37	27.43	23.77
211	26.78	31.50	32.53	26.78	30.23	35.56	27.52	23.79
212	26.83	31.65	32.71	26.85	30.36	35.74	27.62	23.79
213	26.89	31.81	32.89	26.92	30.49	35.91	27.73	23.80
214	26.95	31.97	33.06	26.99	30.62	36.08	27.83	23.80
215	27.01	32.11	33.23	27.05	30.75	36.26	27.94	23.80
216	27.07	32.26	33.40	27.13	30.89	36.43	28.04	23.81
217	27.14	32.41	33.56	27.20	31.02	36.59	28.14	23.82
218	27.20	32.56	33.73	27.27	31.15	36.75	28.25	23.82
219	27.26	32.70	33.89	27.35	31.28	36.92	28.35	23.83
220	27.32	32.84	34.05	27.41	31.41	37.07	28.46	23.84
221	27.39	32.98	34.20	27.49	31.54	37.23	28.57	23.85
222	27.45	33.12	34.35	27.56	31.68	37.38	28.68	23.85
223	27.52	33.26	34.51	27.63	31.81	37.54	28.79	23.85
224	27.59	33.39	34.66	27.71	31.94	37.69	28.90	23.86
225	27.65	33.52	34.80	27.78	32.07	37.84	29.01	23.86
226	27.72	33.65	34.95	27.86	32.20	37.99	29.12	23.86
227	27.78	33.79	35.09	27.94	32.33	38.13	29.22	23.88
228	27.85	33.92	35.23	28.01	32.47	38.28	29.34	23.89
229	27.92	34.04	35.37	28.09	32.60	38.42	29.45	23.89
230	27.99	34.16	35.51	28.16	32.73	38.57	29.56	23.90
231	28.06	34.29	35.65	28.24	32.85	38.70	29.67	23.90
232	28.13	34.41	35.78	28.31	32.98	38.84	29.78	23.90
233	28.20	34.54	35.91	28.40	33.11	38.98	29.89	23.91
234	28.26	34.66	36.04	28.47	33.24	39.11	30.00	23.91
235	28.33	34.78	36.17	28.55	33.37	39.25	30.12	23.92
236	28.40	34.89	36.30	28.62	33.49	39.38	30.23	23.93
237	28.48	35.01	36.42	28.71	33.62	39.51	30.34	23.94
238	28.54	35.12	36.55	28.78	33.75	39.64	30.45	23.95
239	28.61	35.24	36.67	28.86	33.87	39.77	30.55	23.95
240	28.68	35.35	36.79	28.94	34.00	39.89	30.67	23.96
241	28.75	35.46	36.90	29.01	34.13	40.02	30.78	23.97
242	28.83	35.57	37.02	29.09	34.25	40.15	30.88	23.97
243	28.89	35.68	37.14	29.17	34.37	40.25	30.99	23.98
244	28.97	35.78	37.23	29.24	34.50	40.32	31.11	23.98
245	29.03	35.87	37.32	29.32	34.62	40.35	31.21	24.00
246	29.11	35.94	37.39	29.41	34.74	40.33	31.31	24.00
247	29.18	35.99	37.44	29.48	34.86	40.27	31.42	24.01
248	29.25	36.03	37.46	29.55	34.97	40.17	31.52	24.02
249	29.31	36.05	37.46	29.64	35.07	40.05	31.63	24.03
250	29.39	36.04	37.44	29.71	35.17	39.89	31.72	24.04
251	29.46	36.03	37.39	29.78	35.26	39.71	31.83	24.04
252	29.53	35.99	37.34	29.86	35.34	39.53	31.92	24.05
253	29.59	35.94	37.26	29.93	35.42	39.32	32.02	24.06
254	29.66	35.87	37.17	30.00	35.48	39.10	32.10	24.06
255	29.73	35.80	37.06	30.07	35.53	38.88	32.20	24.08
256	29.79	35.72	36.94	30.14	35.57	38.66	32.28	24.08
257	29.85	35.62	36.81	30.20	35.61	38.43	32.35	24.09
258	29.91	35.52	36.67	30.26	35.63	38.21	32.43	24.10
259	29.97	35.42	36.54	30.32	35.66	37.97	32.49	24.12
260	30.02	35.31	36.39	30.38	35.66	37.75	32.55	24.12
261	30.08	35.19	36.23	30.43	35.67	37.53	32.61	24.14
262	30.12	35.07	36.07	30.48	35.67	37.31	32.66	24.15
263	30.17	34.95	35.92	30.52	35.66	37.09	32.70	24.16
264	30.22	34.83	35.76	30.57	35.65	36.87	32.75	24.17
265	30.26	34.70	35.59	30.61	35.63	36.67	32.78	24.18
266	30.30	34.57	35.43	30.63	35.61	36.46	32.81	24.19
267	30.33	34.45	35.27	30.68	35.58	36.26	32.84	24.20
268	30.36	34.32	35.10	30.70	35.55	36.07	32.86	24.21
269	30.39	34.20	34.94	30.73	35.52	35.87	32.87	24.21
270	30.42	34.07	34.77	30.75	35.48	35.68	32.88	24.23
271	30.45	33.94	34.61	30.77	35.44	35.50	32.90	24.24
272	30.47	33.82	34.45	30.79	35.40	35.32	32.89	24.26
273	30.50	33.69	34.28	30.80	35.35	35.14	32.90	24.27
274	30.51	33.57	34.13	30.81	35.31	34.97	32.89	24.28
275	30.53	33.45	33.98	30.82	35.26	34.81	32.88	24.29
276	30.55	33.33	33.82	30.83	35.20	34.64	32.87	24.30
277	30.56	33.21	33.67	30.84	35.15	34.48	32.86	24.31
278	30.56	33.09	33.53	30.84	35.10	34.33	32.84	24.32
279	30.58	32.97	33.38	30.84	35.04	34.18	32.82	24.33
280	30.58	32.85	33.23	30.84	34.98	34.03	32.79	24.35
281	30.59	32.74	33.09	30.84	34.93	33.89	32.77	24.36
282	30.60	32.63	32.96	30.83	34.87	33.75	32.74	24.37
283	30.59	32.52	32.81	30.82	34.81	33.61	32.71	24.38
284	30.60	32.41	32.68	30.81	34.74	33.48	32.67	24.40
285	30.60	32.31	32.54	30.80	34.68	33.35	32.64	24.41
286	30.60	32.20	32.41	30.80	34.62	33.21	32.60	24.42
287	30.60	32.10	32.29	30.79	34.56	33.09	32.56	24.44
288	30.60	31.99	32.16	30.77	34.49	32.97	32.52	24.45
289	30.59	31.90	32.04	30.76	34.43	32.85	32.48	24.47
290	30.58	31.80	31.92	30.74	34.36	32.73	32.43	24.47
291	30.58	31.70	31.80	30.72	34.30	32.62	32.39	24.50
292	30.57	31.61	31.68	30.70	34.23	32.51	32.34	24.51
293	30.56	31.51	31.57	30.69	34.17	32.40	32.29	24.52
294	30.55	31.42	31.45	30.66	34.10	32.30	32.24	24.53
295	30.53	31.33	31.35	30.64	34.04	32.20	32.19	24.55
296	30.53	31.24	31.24	30.62	33.96	32.09	32.14	24.56
297	30.52	31.16	31.14	30.60	33.90	31.99	32.08	24.58
298	30.51	31.07	31.03	30.58	33.83	31.89	32.03	24.59
299	30.49	30.99	30.93	30.55	33.77	31.80	31.97	24.61
300	30.48	30.91	30.83	30.53	33.70	31.70	31.92	24.62
301	30.46	30.84	30.74	30.51	33.63	31.61	31.86	24.64
302	30.45	30.75	30.64	30.49	33.56	31.52	31.81	24.65
303	30.44	30.67	30.54	30.46	33.50	31.44	31.75	24.66
304	30.42	30.59	30.46	30.43	33.43	31.35	31.69	24.68
305	30.40	30.51	30.36	30.41	33.37	31.27	31.63	24.70
306	30.39	30.45	30.28	30.39	33.30	31.18	31.58	24.71
307	30.37	30.37	30.19	30.36	33.24	31.10	31.51	24.72
308	30.36	30.31	30.11	30.33	33.17	31.02	31.46	24.73
309	30.34	30.24	30.03	30.30	33.10	30.94	31.40	24.75
310	30.32	30.17	29.95	30.28	33.04	30.87	31.34	24.77
311	30.30	30.10	29.87	30.25	32.97	30.79	31.28	24.78
312	30.29	30.04	29.79	30.22	32.90	30.71	31.23	24.79
313	30.27	29.97	29.72	30.19	32.84	30.65	31.16	24.80
314	30.25	29.91	29.65	30.16	32.77	30.57	31.10	24.82
315	30.23	29.85	29.58	30.14	32.71	30.50	31.05	24.84
316	30.21	29.79	29.50	30.11	32.64	30.44	30.99	24.85
317	30.20	29.73	29.43	30.08	32.58	30.37	30.93	24.86
318	30.17	29.67	29.37	30.05	32.52	30.30	30.87	24.88
319	30.16	29.62	29.30	30.03	32.46	30.24	30.81	24.89
320	30.14	29.56	29.24	29.99	32.39	30.17	30.76	24.90
321	30.11	29.51	29.18	29.96	32.33	30.11	30.70	24.92
322	30.10	29.46	29.11	29.94	32.26	30.05	30.64	24.93
323	30.07	29.40	29.06	29.91	32.20	30.00	30.58	24.94
324	30.06	29.35	29.00	29.88	32.14	29.99	30.52	24.96
325	30.04	29.33	28.97	29.85	32.08	30.03	30.47	24.97
326	30.02	29.31	28.95	29.82	32.02	30.11	30.41	24.98
327	29.99	29.31	28.96	29.79	31.97	30.24	30.36	25.00
328	29.97	29.34	28.99	29.76	31.92	30.41	30.30	25.00
329	29.95	29.38	29.05	29.74	31.88	30.62	30.25	25.02
330	29.94	29.44	29.13	29.71	31.84	30.86	30.20	25.03
331	29.92	29.52	29.23	29.69	31.81	31.11	30.16	25.05
332	29.90	29.62	29.36	29.65	31.79	31.39	30.10	25.05
333	29.89	29.73	29.49	29.63	31.79	31.68	30.06	25.07
334	29.86	29.86	29.65	29.61	31.79	31.97	30.02	25.08
335	29.85	29.99	29.82	29.59	31.81	32.27	29.98	25.09
336	29.83	30.14	30.00	29.57	31.83	32.58	29.95	25.10
337	29.82	30.30	30.19	29.55	31.86	32.89	29.93	25.11
338	29.82	30.47	30.40	29.55	31.90	33.20	29.90	25.13
339	29.81	30.63	30.60	29.54	31.94	33.50	29.89	25.14
340	29.81	30.82	30.81	29.53	32.00	33.81	29.88	25.15
341	29.80	31.00	31.04	29.52	32.06	34.11	29.88	25.16
342	29.81	31.18	31.26	29.53	32.13	34.40	29.87	25.17
343	29.81	31.37	31.48	29.53	32.21	34.71	29.87	25.18
344	29.82	31.56	31.71	29.53	32.29	35.00	29.88	25.20
345	29.82	31.75	31.94	29.54	32.37	35.28	29.90	25.20
346	29.84	31.95	32.18	29.56	32.46	35.57	29.92	25.21
347	29.85	32.14	32.40	29.57	32.56	35.84	29.95	25.23
348	29.87	32.33	32.64	29.59	32.65	36.12	29.98	25.24
349	29.89	32.54	32.87	29.61	32.76	36.38	30.02	25.25
350	29.91	32.72	33.09	29.64	32.85	36.65	30.05	25.26
351	29.94	32.92	33.32	29.67	32.97	36.91	30.10	25.27
352	29.97	33.11	33.55	29.70	33.07	37.16	30.15	25.28
353	30.00	33.30	33.78	29.74	33.19	37.41	30.20	25.29
354	30.03	33.49	34.00	29.77	33.31	37.66	30.25	25.30
355	30.07	33.68	34.22	29.81	33.42	37.89	30.31	25.31
356	30.10	33.86	34.43	29.85	33.55	38.13	30.38	25.32
357	30.14	34.05	34.65	29.90	33.67	38.36	30.45	25.33
358	30.19	34.24	34.87	29.95	33.79	38.59	30.53	25.33
359	30.23	34.41	35.07	29.99	33.91	38.81	30.60	25.35
360	30.27	34.60	35.28	30.05	34.04	39.03	30.67	25.36
361	30.33	34.78	35.50	30.10	34.16	39.25	30.75	25.37
362	30.37	34.95	35.69	30.16	34.30	39.46	30.83	25.37
363	30.42	35.13	35.90	30.21	34.42	39.66	30.92	25.39
364	30.47	35.30	36.10	30.28	34.55	39.86	31.01	25.40
365	30.52	35.47	36.29	30.33	34.68	40.07	31.10	25.40
366	30.58	35.64	36.48	30.40	34.80	40.26	31.19	25.41
367	30.64	35.81	36.67	30.46	34.94	40.46	31.27	25.42
368	30.70	35.97	36.86	30.52	35.07	40.65	31.38	25.43
369	30.75	36.13	37.05	30.59	35.20	40.83	31.47	25.44
370	30.81	36.30	37.23	30.65	35.33	41.01	31.57	25.45
371	30.87	36.45	37.41	30.72	35.46	41.20	31.68	25.45
372	30.94	36.61	37.59	30.80	35.60	41.37	31.77	25.46
373	31.00	36.76	37.76	30.86	35.73	41.55	31.88	25.47
374	31.06	36.92	37.93	30.94	35.86	41.72	31.98	25.47
375	31.12	37.07	38.10	31.01	36.00	41.89	32.08	25.48
376	31.18	37.22	38.27	31.08	36.12	42.06	32.19	25.50
377	31.25	37.37	38.43	31.15	36.26	42.23	32.30	25.50
378	31.31	37.51	38.60	31.22	36.39	42.39	32.41	25.51
379	31.38	37.66	38.76	31.30	36.53	42.55	32.51	25.52
380	31.45	37.80	38.91	31.37	36.65	42.71	32.63	25.53
381	31.52	37.94	39.07	31.45	36.79	42.86	32.73	25.53
382	31.58	38.08	39.22	31.53	36.92	43.02	32.84	25.55
383	31.65	38.22	39.38	31.60	37.05	43.17	32.95	25.55
384	31.72	38.35	39.52	31.68	37.18	43.32	33.06	25.56
385	31.79	38.49	39.67	31.76	37.31	43.47	33.17	25.56
386	31.87	38.63	39.82	31.84	37.44	43.61	33.28	25.58
387	31.93	38.75	39.96	31.91	37.57	43.76	33.39	25.59
388	32.01	38.88	40.10	31.99	37.71	43.90	33.50	25.59
389	32.07	39.01	40.23	32.06	37.84	44.04	33.61	25.61
390	32.14	39.14	40.37	32.15	37.97	44.18	33.73	25.61
391	32.21	39.26	40.50	32.23	38.09	44.32	33.84	25.62
392	32.28	39.39	40.64	32.30	38.22	44.46	33.95	25.63
393	32.35	39.51	40.76	32.38	38.34	44.59	34.06	25.63
394	32.43	39.63	40.90	32.47	38.48	44.72	34.17	25.65
395	32.50	39.75	41.02	32.54	38.60	44.86	34.28	25.65
396	32.58	39.86	41.14	32.62	38.73	44.99	34.39	25.66
397	32.65	39.99	41.27	32.70	38.86	45.11	34.50	25.67
398	32.72	40.10	41.39	32.78	38.99	45.24	34.61	25.68
399	32.79	40.21	41.51	32.86	39.12	45.36	34.72	25.69
400	32.87	40.32	41.63	32.94	39.24	45.49	34.84	25.70
401	32.94	40.43	41.75	33.02	39.37	45.61	34.94	25.71
402	33.01	40.55	41.86	33.09	39.49	45.74	35.05	25.72
403	33.08	40.65	41.98	33.17	39.61	45.86	35.16	25.73
404	33.16	40.76	42.09	33.25	39.73	45.95	35.27	25.74
405	33.23	40.86	42.18	33.33	39.86	46.02	35.38	25.75
406	33.31	40.94	42.26	33.41	39.98	46.04	35.49	25.76
407	33.37	41.01	42.33	33.49	40.09	46.02	35.59	25.77
408	33.45	41.06	42.37	33.57	40.21	45.95	35.70	25.78
409	33.52	41.09	42.39	33.65	40.32	45.85	35.80	25.79
410	33.59	41.10	42.38	33.72	40.42	45.72	35.91	25.80
411	33.67	41.10	42.35	33.80	40.52	45.55	36.01	25.82
412	33.74	41.08	42.30	33.88	40.61	45.38	36.10	25.82
413	33.81	41.04	42.23	33.95	40.69	45.18	36.20	25.83
414	33.88	40.99	42.16	34.03	40.76	44.97	36.29	25.84
415	33.95	40.92	42.06	34.10	40.81	44.76	36.38	25.87
416	34.02	40.84	41.95	34.17	40.86	44.53	36.47	25.87
417	34.08	40.75	41.83	34.24	40.91	44.30	36.55	25.88
418	34.15	40.66	41.70	34.30	40.94	44.07	36.62	25.89
419	34.21	40.56	41.56	34.36	40.97	43.85	36.70	25.90
420	34.27	40.45	41.42	34.42	40.98	43.61	36.76	25.92
421	34.32	40.34	41.26	34.48	40.99	43.39	36.82	25.93
422	34.38	40.22	41.11	34.53	40.99	43.16	36.88	25.94
423	34.43	40.10	40.95	34.58	40.99	42.94	36.93	25.95
424	34.48	39.97	40.79	34.62	40.98	42.71	36.98	25.96
425	34.52	39.85	40.62	34.67	40.97	42.50	37.00	25.98
426	34.57	39.72	40.46	34.70	40.95	42.28	37.05	25.99
427	34.61	39.59	40.29	34.74	40.93	42.08	37.07	26.01
428	34.64	39.47	40.12	34.77	40.90	41.87	37.10	26.02
429	34.68	39.33	39.95	34.80	40.86	41.67	37.12	26.03
430	34.71	39.21	39.79	34.83	40.83	41.47	37.13	26.05
431	34.74	39.07	39.62	34.85	40.79	41.28	37.14	26.06
432	34.77	38.95	39.45	34.87	40.75	41.09	37.15	26.07
433	34.79	38.82	39.29	34.89	40.70	40.91	37.15	26.09
434	34.82	38.70	39.13	34.90	40.66	40.73	37.14	26.10
435	34.83	38.56	38.96	34.91	40.61	40.56	37.14	26.11
436	34.85	38.44	38.81	34.93	40.55	40.38	37.13	26.13
437	34.87	38.32	38.65	34.93	40.50	40.22	37.13	26.15
438	34.89	38.20	38.50	34.94	40.44	40.06	37.10	26.16
439	34.90	38.07	38.34	34.94	40.38	39.90	37.08	26.17
440	34.90	37.96	38.20	34.94	40.33	39.74	37.06	26.18
441	34.91	37.84	38.05	34.94	40.27	39.58	37.03	26.20
442	34.92	37.72	37.90	34.94	40.21	39.44	37.01	26.22
443	34.92	37.61	37.76	34.93	40.15	39.29	36.98	26.24
444	34.92	37.49	37.62	34.93	40.08	39.15	36.94	26.25
445	34.93	37.38	37.48	34.92	40.02	39.01	36.91	26.26
446	34.93	37.27	37.35	34.90	39.96	38.88	36.87	26.28
447	34.93	37.16	37.21	34.89	39.89	38.75	36.83	26.30
448	34.93	37.06	37.09	34.88	39.83	38.62	36.79	26.31
449	34.93	36.96	36.95	34.87	39.76	38.49	36.74	26.32
450	34.92	36.86	36.83	34.86	39.69	38.37	36.70	26.34
451	34.92	36.75	36.70	34.84	39.63	38.25	36.65	26.36
452	34.91	36.66	36.58	34.82	39.56	38.13	36.60	26.37
453	34.90	36.56	36.46	34.80	39.49	38.01	36.56	26.39
454	34.89	36.47	36.34	34.78	39.43	37.90	36.51	26.40
455	34.88	36.37	36.23	34.76	39.35	37.79	36.45	26.42
456	34.88	36.28	36.11	34.74	39.28	37.69	36.40	26.44
457	34.86	36.19	36.01	34.71	39.21	37.58	36.34	26.46
458	34.86	36.10	35.90	34.70	39.14	37.47	36.29	26.47
459	34.84	36.01	35.79	34.68	39.08	37.37	36.23	26.50
460	34.83	35.93	35.70	34.65	39.00	37.27	36.18	26.50
461	34.82	35.84	35.59	34.63	38.94	37.17	36.12	26.52
462	34.80	35.76	35.49	34.60	38.87	37.09	36.06	26.54
463	34.79	35.68	35.39	34.58	38.79	36.98	36.00	26.55
464	34.77	35.60	35.30	34.55	38.73	36.89	35.95	26.57
465	34.76	35.52	35.21	34.53	38.66	36.81	35.88	26.58
466	34.74	35.45	35.11	34.50	38.59	36.71	35.83	26.60
467	34.73	35.37	35.02	34.47	38.52	36.63	35.77	26.62
468	34.71	35.30	34.93	34.44	38.45	36.54	35.71	26.63
469	34.69	35.22	34.85	34.42	38.37	36.46	35.65	26.65
470	34.68	35.16	34.77	34.39	38.30	36.37	35.58	26.67
471	34.66	35.09	34.68	34.36	38.24	36.30	35.53	26.68
472	34.64	35.01	34.60	34.33	38.17	36.21	35.47	26.70
473	34.62	34.95	34.52	34.31	38.10	36.14	35.40	26.72
474	34.61	34.88	34.44	34.28	38.03	36.06	35.34	26.73
475	34.58	34.82	34.36	34.25	37.97	35.99	35.28	26.75
476	34.57	34.76	34.29	34.22	37.90	35.91	35.22	26.76
477	34.55	34.69	34.22	34.19	37.83	35.84	35.16	26.78
478	34.53	34.63	34.15	34.16	37.76	35.77	35.10	26.80
479	34.51	34.57	34.08	34.14	37.70	35.70	35.04	26.81
480	34.49	34.51	34.01	34.10	37.63	35.63	34.98	26.83
481	34.47	34.46	33.94	34.08	37.57	35.56	34.92	26.84
482	34.45	34.39	33.88	34.05	37.50	35.49	34.86	26.86
483	34.44	34.34	33.81	34.02	37.43	35.44	34.79	26.87
484	34.41	34.30	33.76	33.99	37.37	35.42	34.74	26.89
485	34.40	34.26	33.72	33.96	37.31	35.46	34.67	26.91
486	34.37	34.24	33.70	33.93	37.24	35.54	34.62	26.93
487	34.35	34.24	33.71	33.90	37.18	35.66	34.56	26.94
488	34.33	34.26	33.73	33.87	37.13	35.83	34.50	26.95
489	34.32	34.30	33.78	33.83	37.08	36.03	34.45	26.97
490	34.30	34.36	33.86	33.81	37.04	36.25	34.39	26.98
491	34.28	34.43	33.96	33.77	37.02	36.50	34.34	26.99
492	34.25	34.53	34.08	33.76	36.99	36.77	34.29	27.01
493	34.24	34.64	34.21	33.73	36.98	37.05	34.25	27.03
494	34.22	34.76	34.36	33.71	36.98	37.33	34.20	27.04
495	34.20	34.90	34.53	33.68	36.99	37.63	34.17	27.06
496	34.20	35.04	34.70	33.66	37.00	37.93	34.14	27.07
497	34.18	35.19	34.89	33.65	37.03	38.24	34.10	27.08
498	34.17	35.36	35.09	33.63	37.06	38.53	34.08	27.10
499	34.17	35.53	35.29	33.63	37.12	38.84	34.06	27.11
500	34.16	35.70	35.50	33.62	37.16	39.14	34.04	27.12
501	34.16	35.88	35.72	33.61	37.22	39.43	34.03	27.13
502	34.16	36.06	35.93	33.61	37.28	39.72	34.03	27.15
503	34.17	36.24	36.15	33.62	37.35	40.01	34.03	27.17
504	34.18	36.44	36.38	33.62	37.43	40.29	34.04	27.18
505	34.18	36.62	36.60	33.63	37.51	40.57	34.06	27.19
506	34.19	36.81	36.83	33.64	37.59	40.84	34.08	27.20
507	34.21	37.00	37.05	33.66	37.68	41.11	34.09	27.22
508	34.22	37.19	37.28	33.68	37.78	41.39	34.12	27.22
509	34.24	37.38	37.50	33.70	37.87	41.64	34.15	27.24
510	34.27	37.57	37.72	33.72	37.97	41.90	34.19	27.25
511	34.29	37.76	37.94	33.75	38.08	42.15	34.23	27.26
512	34.32	37.94	38.17	33.78	38.18	42.39	34.27	27.27
513	34.35	38.14	38.39	33.81	38.29	42.64	34.32	27.29
514	34.39	38.32	38.60	33.85	38.40	42.88	34.38	27.30
515	34.42	38.50	38.82	33.89	38.52	43.12	34.43	27.31
516	34.46	38.69	39.04	33.93	38.63	43.34	34.50	27.33
517	34.49	38.86	39.25	33.98	38.75	43.56	34.56	27.33
518	34.53	39.05	39.45	34.02	38.86	43.78	34.63	27.35
519	34.58	39.23	39.65	34.08	38.98	44.00	34.70	27.36
520	34.63	39.40	39.86	34.12	39.10	44.21	34.77	27.37
521	34.67	39.58	40.06	34.18	39.22	44.42	34.85	27.38
522	34.72	39.75	40.26	34.23	39.34	44.62	34.93	27.39
523	34.77	39.92	40.45	34.28	39.46	44.83	35.01	27.40
524	34.82	40.09	40.65	34.34	39.58	45.02	35.09	27.41
525	34.88	40.26	40.84	34.40	39.71	45.21	35.18	27.42
526	34.93	40.42	41.03	34.46	39.84	45.40	35.27	27.43
527	34.98	40.58	41.21	34.52	39.96	45.59	35.36	27.44
528	35.04	40.75	41.40	34.58	40.09	45.77	35.45	27.45
529	35.10	40.90	41.58	34.65	40.21	45.96	35.54	27.47
530	35.15	41.06	41.76	34.71	40.33	46.13	35.64	27.47
531	35.22	41.21	41.93	34.78	40.47	46.31	35.74	27.48
532	35.28	41.37	42.10	34.85	40.59	46.47	35.83	27.49
533	35.33	41.52	42.27	34.91	40.72	46.65	35.93	27.50
534	35.40	41.67	42.44	34.98	40.85	46.81	36.03	27.52
535	35.45	41.82	42.60	35.05	40.97	46.98	36.14	27.52
536	35.52	41.96	42.76	35.13	41.10	47.14	36.23	27.53
537	35.59	42.11	42.93	35.19	41.23	47.30	36.34	27.54
538	35.65	42.25	43.08	35.27	41.36	47.46	36.45	27.56
539	35.72	42.39	43.24	35.34	41.48	47.61	36.55	27.57
540	35.79	42.53	43.39	35.41	41.61	47.76	36.65	27.57
541	35.85	42.67	43.54	35.49	41.74	47.91	36.76	27.58
542	35.92	42.80	43.69	35.56	41.86	48.06	36.86	27.59
543	35.99	42.93	43.83	35.64	41.99	48.21	36.97	27.61
544	36.05	43.07	43.98	35.71	42.11	48.35	37.07	27.61
545	36.12	43.20	44.12	35.79	42.24	48.49	37.18	27.63
546	36.19	43.33	44.26	35.86	42.36	48.64	37.29	27.63
547	36.26	43.45	44.39	35.93	42.49	48.77	37.40	27.64
548	36.33	43.58	44.53	36.02	42.61	48.91	37.51	27.65
549	36.40	43.70	44.66	36.09	42.74	49.04	37.61	27.66
550	36.47	43.83	44.79	36.16	42.87	49.18	37.72	27.67
551	36.54	43.95	44.92	36.24	42.99	49.31	37.82	27.68
552	36.61	44.07	45.05	36.32	43.11	49.44	37.94	27.69
553	36.68	44.19	45.18	36.40	43.23	49.57	38.04	27.71
554	36.75	44.30	45.30	36.47	43.36	49.70	38.15	27.71
555	36.81	44.42	45.42	36.55	43.48	49.82	38.26	27.73
556	36.89	44.54	45.54	36.63	43.60	49.95	38.37	27.73
557	36.96	44.64	45.66	36.70	43.72	50.07	38.48	27.75
558	37.03	44.76	45.78	36.78	43.85	50.19	38.58	27.76
559	37.11	44.87	45.90	36.86	43.97	50.31	38.69	27.77
560	37.18	44.98	46.01	36.94	44.09	50.43	38.80	27.78
561	37.25	45.08	46.12	37.01	44.20	50.55	38.91	27.79
562	37.32	45.19	46.23	37.09	44.32	50.66	39.01	27.80
563	37.39	45.30	46.34	37.16	44.44	50.77	39.11	27.81
564	37.47	45.40	46.44	37.24	44.56	50.86	39.22	27.82
565	37.54	45.49	46.54	37.32	44.67	50.91	39.32	27.83
566	37.61	45.56	46.61	37.40	44.79	50.91	39.43	27.85
567	37.68	45.62	46.66	37.47	44.91	50.87	39.53	27.86
568	37.76	45.67	46.69	37.55	45.01	50.79	39.64	27.87
569	37.82	45.69	46.70	37.62	45.11	50.67	39.73	27.88
570	37.89	45.69	46.68	37.70	45.21	50.53	39.84	27.89
571	37.96	45.69	46.65	37.78	45.30	50.35	39.93	27.91
572	38.03	45.65	46.59	37.85	45.38	50.17	40.03	27.92
573	38.10	45.61	46.51	37.92	45.45	49.97	40.12	27.93
574	38.17	45.55	46.43	37.99	45.51	49.76	40.21	27.95
575	38.24	45.48	46.32	38.06	45.57	49.54	40.30	27.96
576	38.30	45.39	46.21	38.12	45.61	49.31	40.37	27.97
577	38.37	45.30	46.08	38.19	45.65	49.08	40.45	27.98
578	38.43	45.20	45.94	38.25	45.67	48.86	40.52	27.99
579	38.49	45.10	45.81	38.31	45.69	48.62	40.59	28.01
580	38.54	44.99	45.65	38.37	45.70	48.38	40.65	28.03
581	38.60	44.87	45.50	38.42	45.71	48.16	40.71	28.03
582	38.65	44.75	45.34	38.47	45.70	47.93	40.76	28.05
583	38.70	44.63	45.18	38.51	45.69	47.70	40.81	28.06
584	38.74	44.50	45.01	38.55	45.68	47.49	40.84	28.07
585	38.79	44.37	44.85	38.59	45.66	47.26	40.88	28.08
586	38.83	44.24	44.67	38.63	45.63	47.05	40.91	28.10
587	38.87	44.12	44.51	38.66	45.61	46.84	40.93	28.12
588	38.90	43.98	44.34	38.69	45.57	46.64	40.96	28.13
589	38.93	43.85	44.18	38.72	45.54	46.44	40.97	28.15
590	38.96	43.72	44.01	38.74	45.50	46.24	40.98	28.16
591	38.99	43.59	43.84	38.76	45.45	46.04	40.99	28.18
592	39.01	43.46	43.67	38.77	45.41	45.86	41.00	28.19
593	39.04	43.33	43.51	38.79	45.36	45.67	40.99	28.21
594	39.06	43.20	43.35	38.80	45.31	45.49	40.99	28.22
595	39.08	43.08	43.19	38.81	45.25	45.31	40.98	28.24
596	39.09	42.95	43.03	38.82	45.20	45.14	40.96	28.25
597	39.10	42.83	42.87	38.82	45.14	44.97	40.95	28.27
598	39.12	42.70	42.71	38.82	45.08	44.81	40.93	28.28
599	39.12	42.58	42.56	38.82	45.03	44.65	40.91	28.30
600	39.13	42.46	42.41	38.82	44.97	44.49	40.88	28.31
601	39.14	42.34	42.26	38.82	44.90	44.34	40.85	28.33
602	39.14	42.22	42.11	38.81	44.84	44.19	40.83	28.35
603	39.15	42.10	41.97	38.80	44.77	44.04	40.79	28.36
604	39.15	41.99	41.83	38.79	44.71	43.90	40.75	28.38
605	39.15	41.88	41.69	38.78	44.64	43.75	40.71	28.40
606	39.15	41.77	41.56	38.77	44.57	43.62	40.68	28.41
607	39.14	41.66	41.43	38.76	44.50	43.48	40.63	28.43
608	39.14	41.55	41.29	38.74	44.43	43.36	40.60	28.45
609	39.13	41.45	41.16	38.73	44.36	43.22	40.55	28.46
610	39.12	41.34	41.04	38.71	44.29	43.09	40.50	28.48
611	39.12	41.24	40.91	38.70	44.21	42.97	40.45	28.50
612	39.11	41.14	40.79	38.68	44.14	42.84	40.40	28.52
613	39.10	41.04	40.67	38.66	44.07	42.73	40.35	28.53
614	39.09	40.95	40.55	38.63	44.00	42.61	40.30	28.55
615	39.08	40.85	40.43	38.61	43.93	42.50	40.24	28.57
616	39.07	40.76	40.32	38.59	43.85	42.39	40.19	28.59
617	39.06	40.66	40.21	38.56	43.78	42.28	40.13	28.61
618	39.05	40.57	40.10	38.54	43.71	42.17	40.07	28.62
619	39.03	40.48	39.99	38.52	43.63	42.07	40.01	28.64
620	39.02	40.40	39.89	38.48	43.57	41.97	39.95	28.65
621	39.01	40.32	39.78	38.46	43.49	41.87	39.90	28.67
622	38.99	40.23	39.68	38.44	43.42	41.76	39.84	28.69
623	38.98	40.14	39.58	38.41	43.35	41.67	39.78	28.71
624	38.96	40.06	39.48	38.38	43.27	41.57	39.71	28.72
625	38.94	39.98	39.39	38.35	43.21	41.48	39.65	28.74
626	38.92	39.90	39.29	38.32	43.13	41.38	39.59	28.76
627	38.91	39.83	39.20	38.30	43.06	41.29	39.53	28.78
628	38.89	39.75	39.11	38.27	42.99	41.21	39.46	28.80
629	38.87	39.67	39.02	38.23	42.91	41.12	39.40	28.81
630	38.85	39.60	38.94	38.20	42.84	41.03	39.34	28.83
631	38.83	39.53	38.85	38.18	42.77	40.95	39.28	28.84
632	38.81	39.46	38.77	38.14	42.69	40.86	39.21	28.86
633	38.80	39.39	38.69	38.12	42.62	40.78	39.15	28.88
634	38.77	39.32	38.60	38.09	42.55	40.70	39.09	28.90
635	38.75	39.26	38.52	38.05	42.48	40.62	39.02	28.91
636	38.73	39.19	38.45	38.02	42.41	40.54	38.96	28.93
637	38.71	39.13	38.37	37.99	42.34	40.46	38.89	28.95
638	38.69	39.06	38.30	37.96	42.27	40.39	38.83	28.96
639	38.66	39.00	38.22	37.93	42.20	40.31	38.77	28.98
640	38.64	38.94	38.15	37.90	42.13	40.24	38.71	28.99
641	38.62	38.87	38.09	37.87	42.06	40.17	38.65	29.02
642	38.61	38.82	38.02	37.84	41.99	40.10	38.58	29.03
643	38.59	38.76	37.95	37.80	41.93	40.04	38.52	29.05
644	38.56	38.71	37.89	37.77	41.85	39.99	38.46	29.06
645	38.53	38.66	37.84	37.74	41.79	39.98	38.40	29.07
646	38.51	38.63	37.81	37.71	41.72	40.03	38.33	29.09
647	38.50	38.62	37.79	37.67	41.65	40.12	38.28	29.11
648	38.47	38.62	37.80	37.64	41.60	40.25	38.21	29.13
649	38.45	38.64	37.84	37.61	41.54	40.42	38.15	29.15
650	38.43	38.68	37.90	37.58	41.49	40.63	38.10	29.16
651	38.41	38.74	37.97	37.55	41.45	40.86	38.04	29.17
652	38.39	38.83	38.09	37.52	41.43	41.10	37.99	29.19
653	38.37	38.92	38.20	37.50	41.41	41.37	37.94	29.20
654	38.35	39.04	38.34	37.46	41.39	41.64	37.89	29.22
655	38.33	39.16	38.49	37.44	41.39	41.93	37.84	29.23
656	38.31	39.30	38.66	37.42	41.40	42.21	37.80	29.25
657	38.30	39.44	38.83	37.40	41.41	42.51	37.77	29.26
658	38.28	39.59	39.02	37.38	41.44	42.80	37.74	29.28
659	38.28	39.75	39.21	37.37	41.47	43.09	37.72	29.29
660	38.27	39.92	39.42	37.36	41.51	43.38	37.70	29.30
661	38.26	40.09	39.62	37.35	41.56	43.68	37.69	29.32
662	38.26	40.27	39.83	37.34	41.61	43.96	37.67	29.33
663	38.26	40.45	40.04	37.34	41.68	44.25	37.67	29.35
664	38.26	40.63	40.26	37.34	41.75	44.53	37.67	29.36
665	38.27	40.81	40.48	37.34	41.82	44.81	37.68	29.38
666	38.28	41.00	40.70	37.35	41.89	45.08	37.69	29.39
667	38.29	41.18	40.92	37.37	41.97	45.34	37.70	29.40
668	38.30	41.37	41.14	37.38	42.06	45.60	37.73	29.41
669	38.32	41.55	41.36	37.40	42.15	45.86	37.75	29.42
670	38.34	41.74	41.58	37.41	42.24	46.12	37.79	29.44
671	38.36	41.93	41.80	37.45	42.34	46.36	37.82	29.45
672	38.39	42.11	42.01	37.47	42.44	46.61	37.86	29.46
673	38.41	42.29	42.23	37.50	42.54	46.85	37.91	29.48
674	38.44	42.48	42.45	37.54	42.65	47.08	37.95	29.49
675	38.47	42.66	42.66	37.57	42.75	47.31	38.00	29.50
676	38.51	42.84	42.87	37.61	42.86	47.54	38.06	29.51
677	38.54	43.02	43.07	37.65	42.97	47.76	38.12	29.53
678	38.58	43.19	43.28	37.69	43.08	47.97	38.18	29.54
679	38.62	43.37	43.48	37.73	43.19	48.19	38.25	29.55
680	38.66	43.55	43.69	37.79	43.31	48.39	38.32	29.56
681	38.71	43.72	43.88	37.83	43.42	48.60	38.39	29.58
682	38.75	43.89	44.08	37.88	43.54	48.80	38.47	29.58
683	38.80	44.06	44.27	37.93	43.65	48.99	38.54	29.59
684	38.84	44.22	44.46	37.98	43.77	49.19	38.62	29.61
685	38.89	44.38	44.65	38.04	43.89	49.38	38.70	29.62
686	38.94	44.55	44.83	38.10	44.01	49.57	38.79	29.63
687	39.00	44.71	45.02	38.16	44.13	49.75	38.87	29.64
688	39.05	44.87	45.19	38.21	44.25	49.94	38.96	29.65
689	39.10	45.02	45.37	38.28	44.37	50.10	39.05	29.66
690	39.16	45.18	45.54	38.34	44.49	50.28	39.14	29.67
691	39.22	45.33	45.72	38.40	44.62	50.45	39.23	29.68
692	39.28	45.48	45.89	38.47	44.74	50.62	39.32	29.69
693	39.33	45.63	46.05	38.53	44.86	50.79	39.43	29.70
694	39.39	45.78	46.22	38.60	44.98	50.95	39.52	29.71
695	39.45	45.92	46.38	38.67	45.10	51.11	39.62	29.72
696	39.52	46.07	46.54	38.73	45.22	51.27	39.71	29.73
697	39.57	46.20	46.70	38.80	45.34	51.42	39.81	29.74
698	39.64	46.35	46.85	38.87	45.47	51.57	39.91	29.75
699	39.70	46.49	47.00	38.94	45.59	51.73	40.02	29.76
700	39.76	46.62	47.15	39.01	45.71	51.87	40.12	29.77
701	39.83	46.75	47.30	39.08	45.84	52.02	40.21	29.78
702	39.89	46.88	47.44	39.15	45.96	52.16	40.32	29.80
703	39.95	47.02	47.59	39.22	46.07	52.30	40.42	29.80
704	40.03	47.15	47.73	39.29	46.20	52.45	40.52	29.81
705	40.09	47.28	47.87	39.37	46.32	52.58	40.63	29.82
706	40.15	47.40	48.00	39.44	46.44	52.73	40.73	29.83
707	40.22	47.53	48.14	39.51	46.56	52.86	40.84	29.85
708	40.28	47.65	48.28	39.59	46.68	52.99	40.94	29.85
709	40.35	47.77	48.40	39.66	46.80	53.12	41.05	29.87
710	40.42	47.89	48.53	39.73	46.92	53.25	41.15	29.87
711	40.49	48.01	48.66	39.81	47.04	53.38	41.26	29.89
712	40.56	48.13	48.78	39.88	47.16	53.51	41.37	29.90
713	40.63	48.24	48.91	39.96	47.28	53.63	41.47	29.90
714	40.69	48.36	49.03	40.03	47.40	53.76	41.58	29.92
715	40.76	48.47	49.15	40.10	47.51	53.87	41.68	29.93
716	40.83	48.58	49.26	40.18	47.63	54.00	41.79	29.94
717	40.90	48.69	49.38	40.25	47.75	54.11	41.89	29.94
718	40.97	48.80	49.49	40.32	47.87	54.23	42.00	29.97
719	41.04	48.91	49.61	40.40	47.98	54.35	42.10	29.97
720	41.11	49.02	49.72	40.47	48.10	54.47	42.20	29.98
721	41.18	49.12	49.83	40.55	48.21	54.58	42.30	29.99
722	41.24	49.23	49.93	40.62	48.32	54.69	42.41	30.00
723	41.32	49.33	50.04	40.70	48.44	54.79	42.51	30.02
724	41.39	49.42	50.14	40.77	48.55	54.87	42.62	30.03
725	41.45	49.51	50.22	40.84	48.67	54.90	42.72	30.04
726	41.52	49.58	50.29	40.92	48.77	54.89	42.82	30.05
727	41.59	49.63	50.33	40.99	48.89	54.84	42.92	30.06
728	41.66	49.67	50.35	41.06	48.99	54.75	43.02	30.08
729	41.73	49.69	50.35	41.13	49.09	54.63	43.11	30.09
730	41.80	49.68	50.33	41.21	49.17	54.48	43.21	30.10
731	41.87	49.66	50.29	41.28	49.26	54.31	43.31	30.12
732	41.93	49.63	50.23	41.35	49.33	54.12	43.40	30.13
733	42.00	49.58	50.15	41.42	49.40	53.91	43.49	30.14
734	42.07	49.51	50.05	41.49	49.46	53.70	43.58	30.15
735	42.13	49.44	49.95	41.55	49.50	53.48	43.66	30.16
736	42.19	49.35	49.83	41.62	49.54	53.25	43.74	30.18
737	42.25	49.26	49.70	41.68	49.57	53.02	43.81	30.19
738	42.31	49.16	49.57	41.74	49.59	52.78	43.88	30.21
739	42.37	49.05	49.42	41.79	49.61	52.55	43.94	30.22
740	42.42	48.94	49.27	41.84	49.61	52.32	44.00	30.23
741	42.47	48.82	49.11	41.89	49.61	52.09	44.05	30.24
742	42.52	48.69	48.95	41.94	49.61	51.86	44.10	30.26
743	42.57	48.57	48.78	41.98	49.60	51.64	44.15	30.27
744	42.61	48.44	48.61	42.01	49.58	51.42	44.18	30.29
745	42.64	48.31	48.45	42.05	49.56	51.20	44.22	30.30
746	42.69	48.19	48.28	42.08	49.53	50.98	44.24	30.31
747	42.72	48.05	48.11	42.11	49.49	50.78	44.27	30.33
748	42.75	47.92	47.95	42.13	49.46	50.56	44.28	30.35
749	42.78	47.79	47.78	42.16	49.42	50.36	44.29	30.36
750	42.81	47.65	47.61	42.17	49.38	50.17	44.30	30.37
751	42.83	47.52	47.44	42.19	49.33	49.97	44.31	30.39
752	42.85	47.39	47.27	42.21	49.28	49.79	44.31	30.40
753	42.87	47.26	47.11	42.22	49.23	49.60	44.31	30.42
754	42.89	47.13	46.95	42.23	49.18	49.41	44.29	30.43
755	42.91	47.00	46.79	42.23	49.12	49.24	44.28	30.45
756	42.92	46.87	46.62	42.23	49.06	49.06	44.27	30.46
757	42.93	46.74	46.47	42.24	49.00	48.90	44.25	30.48
758	42.94	46.62	46.31	42.24	48.94	48.73	44.23	30.50
759	42.95	46.50	46.15	42.23	48.88	48.56	44.20	30.51
760	42.95	46.37	46.00	42.23	48.82	48.41	44.18	30.52
761	42.95	46.26	45.86	42.22	48.74	48.25	44.15	30.54
762	42.96	46.14	45.71	42.22	48.68	48.10	44.11	30.56
763	42.95	46.02	45.57	42.20	48.62	47.96	44.08	30.57
764	42.95	45.90	45.43	42.19	48.55	47.81	44.04	30.59
765	42.95	45.79	45.28	42.18	48.47	47.67	44.00	30.61
766	42.94	45.68	45.15	42.17	48.41	47.53	43.95	30.62
767	42.94	45.57	45.01	42.15	48.33	47.39	43.91	30.64
768	42.93	45.46	44.88	42.13	48.26	47.26	43.86	30.66
769	42.93	45.35	44.75	42.11	48.19	47.13	43.82	30.68
770	42.92	45.24	44.62	42.09	48.11	47.00	43.77	30.69
771	42.91	45.14	44.49	42.07	48.05	46.87	43.72	30.71
772	42.90	45.04	44.37	42.05	47.97	46.75	43.66	30.72
773	42.89	44.94	44.25	42.03	47.90	46.63	43.61	30.74
774	42.87	44.84	44.13	42.00	47.82	46.52	43.56	30.76
775	42.86	44.75	44.01	41.98	47.75	46.40	43.50	30.78
776	42.85	44.64	43.89	41.95	47.67	46.29	43.45	30.80
777	42.83	44.56	43.79	41.93	47.60	46.18	43.39	30.81
778	42.82	44.46	43.67	41.90	47.52	46.06	43.33	30.83
779	42.80	44.37	43.56	41.88	47.45	45.96	43.27	30.85
780	42.78	44.28	43.46	41.85	47.37	45.85	43.21	30.87
781	42.77	44.19	43.35	41.82	47.30	45.74	43.15	30.88
782	42.76	44.11	43.25	41.79	47.22	45.65	43.08	30.90
783	42.73	44.03	43.15	41.76	47.15	45.55	43.02	30.92
784	42.71	43.94	43.05	41.74	47.07	45.45	42.96	30.93
785	42.69	43.86	42.95	41.70	46.99	45.35	42.90	30.95
786	42.67	43.78	42.86	41.67	46.92	45.26	42.83	30.97
787	42.66	43.70	42.76	41.64	46.84	45.17	42.77	30.98
788	42.63	43.62	42.67	41.61	46.77	45.08	42.70	31.00
789	42.61	43.55	42.58	41.58	46.69	44.98	42.64	31.02
790	42.59	43.47	42.49	41.55	46.62	44.89	42.57	31.04
791	42.57	43.40	42.41	41.51	46.55	44.81	42.51	31.06
792	42.55	43.32	42.32	41.48	46.47	44.72	42.44	31.07
793	42.53	43.25	42.24	41.45	46.40	44.64	42.38	31.09
794	42.50	43.18	42.16	41.42	46.33	44.56	42.32	31.10
795	42.48	43.11	42.08	41.39	46.25	44.47	42.25	31.12
796	42.46	43.05	42.00	41.35	46.18	44.39	42.19	31.14
797	42.44	42.98	41.92	41.32	46.10	44.32	42.12	31.16
798	42.41	42.92	41.85	41.29	46.03	44.23	42.05	31.17
799	42.39	42.85	41.78	41.25	45.96	44.16	41.99	31.19
800	42.37	42.78	41.70	41.22	45.89	44.08	41.92	31.20
801	42.35	42.72	41.63	41.19	45.82	44.01	41.86	31.22
802	42.32	42.66	41.56	41.15	45.74	43.93	41.80	31.24
803	42.29	42.60	41.49	41.12	45.67	43.87	41.74	31.25
804	42.28	42.55	41.43	41.09	45.60	43.83	41.67	31.27
805	42.25	42.50	41.38	41.05	45.53	43.83	41.61	31.28
806	42.22	42.47	41.35	41.02	45.46	43.88	41.55	31.30
807	42.20	42.46	41.34	40.99	45.40	43.98	41.48	31.31
808	42.18	42.46	41.35	40.95	45.34	44.11	41.43	31.34
809	42.15	42.49	41.39	40.92	45.28	44.29	41.36	31.35
810	42.13	42.54	41.45	40.89	45.23	44.49	41.31	31.36
811	42.10	42.60	41.54	40.85	45.19	44.72	41.25	31.38
812	42.08	42.68	41.64	40.82	45.16	44.97	41.19	31.39
813	42.06	42.77	41.76	40.80	45.13	45.23	41.14	31.40
814	42.04	42.88	41.90	40.77	45.12	45.50	41.09	31.43
815	42.02	43.01	42.05	40.74	45.12	45.79	41.05	31.44
816	42.00	43.14	42.21	40.72	45.13	46.06	41.01	31.45
817	41.98	43.29	42.39	40.70	45.14	46.35	40.98	31.47
818	41.97	43.44	42.58	40.67	45.17	46.64	40.95	31.48
819	41.96	43.59	42.76	40.66	45.19	46.92	40.92	31.50
820	41.94	43.76	42.97	40.65	45.23	47.21	40.90	31.51
821	41.94	43.93	43.17	40.64	45.28	47.50	40.88	31.52
822	41.94	44.11	43.38	40.63	45.34	47.77	40.88	31.54
823	41.94	44.28	43.58	40.63	45.39	48.06	40.87	31.55
824	41.94	44.46	43.80	40.63	45.46	48.34	40.87	31.56
825	41.94	44.64	44.01	40.63	45.53	48.60	40.88	31.57
826	41.95	44.82	44.23	40.64	45.61	48.87	40.89	31.59
827	41.96	45.00	44.45	40.65	45.68	49.13	40.90	31.60
828	41.97	45.18	44.67	40.67	45.77	49.39	40.92	31.62
829	41.98	45.37	44.88	40.68	45.85	49.64	40.95	31.63
830	42.00	45.55	45.09	40.70	45.95	49.89	40.98	31.64
831	42.02	45.73	45.31	40.72	46.04	50.12	41.01	31.65
832	42.04	45.91	45.52	40.75	46.13	50.36	41.05	31.67
833	42.07	46.09	45.74	40.78	46.24	50.60	41.09	31.68
834	42.10	46.27	45.94	40.81	46.33	50.83	41.14	31.70
835	42.13	46.45	46.15	40.84	46.43	51.05	41.20	31.70
836	42.16	46.63	46.36	40.88	46.54	51.27	41.24	31.72
837	42.20	46.80	46.56	40.92	46.65	51.49	41.30	31.73
838	42.23	46.97	46.75	40.96	46.75	51.70	41.37	31.74
839	42.27	47.15	46.95	41.00	46.86	51.90	41.42	31.75
840	42.31	47.31	47.15	41.04	46.97	52.10	41.49	31.76
841	42.35	47.48	47.34	41.09	47.08	52.30	41.56	31.77
842	42.39	47.65	47.53	41.14	47.19	52.50	41.64	31.78
843	42.44	47.81	47.73	41.19	47.31	52.69	41.71	31.80
844	42.49	47.97	47.90	41.24	47.42	52.87	41.79	31.81
845	42.53	48.13	48.10	41.30	47.54	53.06	41.87	31.82
846	42.58	48.29	48.28	41.35	47.65	53.24	41.95	31.82
847	42.63	48.45	48.45	41.41	47.77	53.42	42.03	31.84
848	42.68	48.60	48.62	41.46	47.88	53.59	42.11	31.85
849	42.73	48.75	48.79	41.51	48.00	53.77	42.20	31.85
850	42.78	48.90	48.96	41.57	48.12	53.94	42.28	31.86
851	42.84	49.05	49.12	41.64	48.24	54.10	42.37	31.88
852	42.90	49.20	49.29	41.69	48.35	54.26	42.47	31.89
853	42.95	49.35	49.45	41.76	48.47	54.43	42.56	31.89
854	43.01	49.49	49.61	41.82	48.59	54.58	42.65	31.91
855	43.07	49.63	49.77	41.88	48.70	54.74	42.75	31.92
856	43.13	49.77	49.92	41.95	48.83	54.89	42.84	31.92
857	43.18	49.91	50.07	42.01	48.94	55.05	42.94	31.94
858	43.24	50.04	50.22	42.08	49.06	55.19	43.04	31.95
859	43.30	50.17	50.37	42.15	49.18	55.34	43.14	31.96
860	43.36	50.31	50.52	42.22	49.30	55.48	43.23	31.97
861	43.43	50.44	50.66	42.28	49.42	55.62	43.34	31.98
862	43.49	50.56	50.80	42.35	49.53	55.76	43.44	31.99
863	43.55	50.69	50.94	42.43	49.65	55.90	43.54	32.00
864	43.61	50.82	51.08	42.49	49.77	56.03	43.64	32.01
865	43.67	50.94	51.21	42.56	49.89	56.17	43.74	32.01
866	43.74	51.06	51.35	42.63	50.00	56.30	43.84	32.03
867	43.81	51.18	51.48	42.70	50.12	56.43	43.95	32.04
868	43.87	51.30	51.61	42.77	50.23	56.56	44.05	32.04
869	43.93	51.42	51.74	42.84	50.35	56.68	44.15	32.06
870	44.00	51.54	51.85	42.91	50.47	56.81	44.26	32.07
871	44.07	51.65	51.97	42.98	50.58	56.93	44.36	32.08
872	44.13	51.77	52.09	43.05	50.70	57.06	44.46	32.09
873	44.19	51.88	52.21	43.12	50.81	57.18	44.56	32.10
874	44.26	51.99	52.33	43.19	50.92	57.30	44.67	32.11
875	44.33	52.09	52.45	43.26	51.04	57.41	44.77	32.12
876	44.39	52.20	52.56	43.34	51.15	57.53	44.87	32.13
877	44.46	52.31	52.67	43.40	51.26	57.65	44.97	32.14
878	44.52	52.42	52.78	43.48	51.38	57.76	45.07	32.15
879	44.59	52.52	52.89	43.55	51.49	57.87	45.18	32.17
880	44.66	52.63	53.00	43.62	51.60	57.98	45.27	32.17
881	44.72	52.73	53.11	43.70	51.71	58.09	45.39	32.19
882	44.79	52.83	53.22	43.77	51.82	58.20	45.48	32.20
883	44.86	52.93	53.31	43.84	51.93	58.31	45.59	32.21
884	44.93	53.02	53.42	43.91	52.04	58.40	45.68	32.22
885	44.99	53.11	53.50	43.98	52.15	58.46	45.79	32.23
886	45.06	53.19	53.58	44.06	52.26	58.48	45.88	32.24
887	45.12	53.25	53.64	44.12	52.36	58.45	45.98	32.25
888	45.19	53.30	53.67	44.19	52.47	58.39	46.07	32.27
889	45.26	53.32	53.68	44.26	52.56	58.29	46.17	32.28
890	45.32	53.33	53.67	44.33	52.65	58.16	46.26	32.29
891	45.39	53.32	53.64	44.40	52.74	57.99	46.36	32.30
892	45.45	53.29	53.59	44.47	52.82	57.81	46.45	32.31
893	45.52	53.25	53.51	44.53	52.88	57.61	46.54	32.33
894	45.58	53.19	53.43	44.60	52.94	57.40	46.62	32.34
895	45.65	53.12	53.32	44.66	52.99	57.19	46.71	32.35
896	45.71	53.05	53.21	44.73	53.04	56.96	46.78	32.37
897	45.76	52.95	53.09	44.78	53.07	56.73	46.85	32.38
898	45.82	52.85	52.95	44.84	53.09	56.50	46.92	32.39
899	45.88	52.75	52.81	44.89	53.11	56.26	46.99	32.40
900	45.93	52.63	52.66	44.95	53.12	56.03	47.05	32.42
901	45.98	52.52	52.50	44.99	53.12	55.79	47.10	32.43
902	46.02	52.39	52.34	45.04	53.11	55.55	47.15	32.44
903	46.07	52.26	52.17	45.08	53.10	55.33	47.19	32.46
904	46.11	52.14	52.01	45.12	53.08	55.10	47.23	32.47
905	46.15	52.00	51.84	45.16	53.06	54.88	47.26	32.49
906	46.19	51.87	51.67	45.19	53.03	54.66	47.29	32.50
907	46.22	51.74	51.50	45.22	53.00	54.44	47.32	32.52
908	46.25	51.60	51.33	45.24	52.96	54.23	47.34	32.54
909	46.28	51.46	51.16	45.26	52.92	54.02	47.35	32.54
910	46.31	51.33	50.99	45.29	52.88	53.81	47.36	32.56
911	46.33	51.20	50.82	45.30	52.83	53.62	47.36	32.57
912	46.35	51.06	50.64	45.31	52.78	53.42	47.36	32.59
913	46.37	50.93	50.48	45.33	52.73	53.23	47.36	32.61
914	46.39	50.79	50.31	45.33	52.68	53.04	47.35	32.62
915	46.40	50.66	50.14	45.34	52.62	52.86	47.34	32.63
916	46.41	50.53	49.98	45.34	52.56	52.68	47.33	32.65
917	46.42	50.39	49.82	45.34	52.49	52.50	47.31	32.66
918	46.43	50.26	49.65	45.34	52.43	52.33	47.29	32.68
919	46.43	50.14	49.50	45.33	52.37	52.16	47.26	32.69
920	46.43	50.01	49.35	45.33	52.30	51.99	47.23	32.71
921	46.44	49.89	49.19	45.32	52.23	51.84	47.20	32.73
922	46.44	49.77	49.04	45.31	52.16	51.68	47.17	32.74
923	46.43	49.64	48.89	45.30	52.09	51.52	47.13	32.77
924	46.43	49.52	48.74	45.29	52.02	51.37	47.09	32.77
925	46.43	49.41	48.60	45.27	51.95	51.22	47.05	32.79
926	46.42	49.29	48.45	45.25	51.87	51.08	47.01	32.81
927	46.42	49.17	48.32	45.23	51.80	50.94	46.96	32.82
928	46.41	49.06	48.18	45.22	51.73	50.80	46.91	32.83
929	46.40	48.95	48.04	45.19	51.65	50.67	46.87	32.85
930	46.39	48.84	47.91	45.18	51.58	50.53	46.81	32.87
931	46.37	48.73	47.78	45.16	51.50	50.40	46.76	32.89
932	46.36	48.62	47.65	45.13	51.43	50.27	46.71	32.91
933	46.35	48.52	47.53	45.11	51.35	50.15	46.65	32.92
934	46.34	48.42	47.40	45.08	51.27	50.02	46.60	32.95
935	46.32	48.32	47.28	45.06	51.20	49.90	46.54	32.96
936	46.31	48.22	47.16	45.03	51.11	49.78	46.48	32.97
937	46.29	48.12	47.04	45.00	51.04	49.67	46.42	32.99
938	46.27	48.02	46.93	44.98	50.96	49.55	46.36	33.01
939	46.25	47.92	46.82	44.95	50.88	49.44	46.30	33.03
940	46.24	47.84	46.71	44.92	50.80	49.33	46.24	33.05
941	46.22	47.74	46.60	44.89	50.72	49.22	46.17	33.06
942	46.19	47.65	46.49	44.85	50.65	49.11	46.11	33.07
943	46.17	47.56	46.39	44.82	50.56	49.01	46.04	33.09
944	46.16	47.47	46.28	44.79	50.49	48.91	45.98	33.11
945	46.13	47.39	46.18	44.76	50.41	48.80	45.91	33.13
946	46.11	47.30	46.08	44.73	50.33	48.70	45.85	33.15
947	46.09	47.22	45.98	44.69	50.25	48.60	45.78	33.16
948	46.06	47.13	45.89	44.66	50.18	48.51	45.71	33.18
949	46.04	47.06	45.79	44.63	50.10	48.41	45.65	33.20
950	46.02	46.98	45.70	44.59	50.02	48.32	45.58	33.22
951	45.99	46.90	45.61	44.56	49.94	48.23	45.52	33.23
952	45.97	46.82	45.52	44.52	49.86	48.14	45.45	33.25
953	45.95	46.74	45.43	44.49	49.78	48.05	45.38	33.27
954	45.92	46.67	45.35	44.45	49.70	47.96	45.31	33.28
955	45.90	46.60	45.27	44.41	49.63	47.88	45.24	33.30
956	45.87	46.53	45.18	44.38	49.55	47.79	45.18	33.32
957	45.84	46.46	45.10	44.34	49.47	47.70	45.11	33.33
958	45.82	46.39	45.02	44.31	49.40	47.63	45.04	33.35
959	45.79	46.32	44.94	44.27	49.32	47.54	44.97	33.36
960	45.77	46.25	44.87	44.24	49.25	47.46	44.91	33.38
961	45.74	46.19	44.79	44.20	49.17	47.38	44.84	33.40
962	45.72	46.12	44.71	44.17	49.10	47.30	44.78	33.41
963	45.69	46.06	44.64	44.13	49.02	47.23	44.71	33.43
964	45.66	46.00	44.58	44.09	48.95	47.18	44.64	33.45
965	45.63	45.95	44.53	44.06	48.88	47.17	44.57	33.47
966	45.61	45.91	44.49	44.02	48.80	47.21	44.51	33.48
967	45.58	45.89	44.47	43.99	48.73	47.30	44.44	33.49
968	45.55	45.89	44.48	43.95	48.67	47.42	44.38	33.51
969	45.52	45.91	44.50	43.91	48.61	47.59	44.32	33.52
970	45.50	45.95	44.56	43.88	48.55	47.78	44.26	33.53
971	45.47	46.01	44.64	43.84	48.51	48.00	44.20	33.55
972	45.45	46.08	44.73	43.81	48.47	48.25	44.14	33.57
973	45.42	46.17	44.85	43.78	48.44	48.50	44.08	33.58
974	45.40	46.28	44.99	43.75	48.42	48.76	44.03	33.60
975	45.37	46.39	45.13	43.72	48.42	49.04	43.99	33.61
976	45.36	46.52	45.29	43.69	48.41	49.31	43.94	33.62
977	45.34	46.66	45.46	43.67	48.42	49.60	43.90	33.64
978	45.32	46.81	45.64	43.65	48.44	49.89	43.87	33.65
979	45.30	46.96	45.83	43.63	48.47	50.16	43.84	33.67
980	45.29	47.13	46.01	43.61	48.51	50.45	43.81	33.68
981	45.28	47.29	46.22	43.60	48.54	50.74	43.80	33.69
982	45.27	47.46	46.43	43.59	48.60	51.01	43.78	33.71
983	45.27	47.63	46.63	43.58	48.65	51.29	43.78	33.72
984	45.27	47.81	46.84	43.58	48.71	51.56	43.77	33.73
985	45.27	47.98	47.06	43.58	48.77	51.82	43.78	33.75
986	45.27	48.16	47.27	43.59	48.85	52.08	43.78	33.75
987	45.28	48.34	47.49	43.59	48.93	52.35	43.79	33.77
988	45.29	48.52	47.70	43.61	49.00	52.59	43.81	33.79
989	45.30	48.69	47.91	43.62	49.08	52.85	43.84	33.80
990	45.31	48.87	48.13	43.64	49.17	53.09	43.86	33.81
991	45.33	49.06	48.33	43.66	49.26	53.33	43.90	33.82
992	45.35	49.23	48.55	43.68	49.35	53.56	43.93	33.83
993	45.37	49.41	48.76	43.70	49.45	53.79	43.97	33.85
994	45.40	49.58	48.96	43.74	49.54	54.02	44.01	33.86
995	45.43	49.76	49.17	43.77	49.64	54.23	44.06	33.87
996	45.46	49.94	49.37	43.80	49.74	54.46	44.11	33.88
997	45.49	50.10	49.57	43.83	49.84	54.67	44.17	33.90
998	45.52	50.27	49.77	43.87	49.95	54.87	44.22	33.91
999	45.56	50.45	49.97	43.91	50.05	55.08	44.29	33.92
1000	45.59	50.61	50.15	43.96	50.16	55.28	44.35	33.93
1001	45.63	50.77	50.35	44.00	50.27	55.48	44.42	33.94
1002	45.67	50.94	50.53	44.05	50.37	55.66	44.48	33.95
1003	45.71	51.10	50.72	44.09	50.48	55.86	44.56	33.96
1004	45.75	51.26	50.90	44.14	50.59	56.04	44.64	33.97
1005	45.80	51.42	51.08	44.20	50.70	56.22	44.71	33.98
1006	45.85	51.57	51.26	44.25	50.82	56.40	44.79	33.99
1007	45.89	51.72	51.44	44.30	50.93	56.58	44.87	34.01
1008	45.94	51.87	51.61	44.36	51.04	56.74	44.96	34.01
1009	45.99	52.02	51.78	44.41	51.15	56.91	45.04	34.02
1010	46.04	52.17	51.95	44.47	51.27	57.08	45.13	34.04
1011	46.09	52.32	52.11	44.53	51.38	57.24	45.22	34.05
1012	46.15	52.46	52.27	44.59	51.50	57.40	45.30	34.05
1013	46.20	52.61	52.43	44.65	51.61	57.56	45.40	34.07
1014	46.26	52.75	52.59	44.71	51.73	57.71	45.48	34.08
1015	46.31	52.88	52.74	44.77	51.84	57.87	45.58	34.08
1016	46.37	53.02	52.89	44.83	51.95	58.02	45.67	34.10
1017	46.42	53.15	53.04	44.89	52.07	58.16	45.77	34.10
1018	46.48	53.29	53.19	44.96	52.18	58.31	45.87	34.11
1019	46.54	53.42	53.34	45.03	52.29	58.45	45.96	34.12
1020	46.60	53.55	53.48	45.09	52.41	58.59	46.05	34.13
1021	46.65	53.67	53.62	45.16	52.52	58.73	46.15	34.14
1022	46.71	53.80	53.75	45.22	52.64	58.87	46.25	34.15
1023	46.77	53.93	53.89	45.29	52.76	59.01	46.35	34.16
1024	46.83	54.05	54.03	45.36	52.86	59.14	46.45	34.17
1025	46.89	54.17	54.16	45.42	52.98	59.27	46.55	34.18
1026	46.95	54.29	54.29	45.49	53.09	59.40	46.65	34.19
1027	47.01	54.41	54.42	45.55	53.21	59.52	46.74	34.20
1028	47.07	54.53	54.54	45.63	53.32	59.65	46.85	34.21
1029	47.14	54.64	54.66	45.69	53.43	59.78	46.95	34.22
1030	47.20	54.75	54.78	45.76	53.55	59.89	47.04	34.23
1031	47.26	54.86	54.90	45.83	53.66	60.02	47.15	34.24
1032	47.33	54.98	55.02	45.90	53.77	60.13	47.25	34.25
1033	47.39	55.09	55.14	45.97	53.87	60.25	47.35	34.26
1034	47.46	55.19	55.25	46.04	53.99	60.37	47.45	34.27
1035	47.52	55.30	55.37	46.10	54.10	60.48	47.55	34.28
1036	47.58	55.41	55.48	46.17	54.21	60.60	47.65	34.29
1037	47.65	55.51	55.59	46.24	54.32	60.71	47.74	34.30
1038	47.71	55.61	55.70	46.31	54.43	60.82	47.85	34.31
1039	47.77	55.72	55.80	46.38	54.54	60.93	47.94	34.32
1040	47.83	55.81	55.91	46.44	54.65	61.04	48.05	34.33
1041	47.90	55.91	56.01	46.52	54.76	61.14	48.14	34.34
1042	47.96	56.01	56.11	46.58	54.86	61.25	48.24	34.35
1043	48.03	56.11	56.21	46.65	54.98	61.34	48.34	34.36
1044	48.09	56.20	56.30	46.72	55.08	61.40	48.44	34.37
1045	48.16	56.27	56.37	46.79	55.19	61.43	48.54	34.38
1046	48.22	56.34	56.43	46.85	55.29	61.40	48.63	34.39
1047	48.28	56.38	56.46	46.92	55.38	61.34	48.73	34.40
1048	48.34	56.41	56.47	46.99	55.48	61.24	48.82	34.42
1049	48.41	56.42	56.46	47.06	55.57	61.11	48.92	34.43
1050	48.48	56.41	56.43	47.13	55.66	60.95	49.00	34.44
1051	48.54	56.38	56.39	47.19	55.73	60.77	49.09	34.46
1052	48.60	56.34	56.32	47.26	55.80	60.57	49.18	34.46
1053	48.66	56.28	56.23	47.33	55.86	60.37	49.27	34.48
1054	48.72	56.20	56.13	47.39	55.91	60.15	49.35	34.49
1055	48.78	56.13	56.01	47.45	55.95	59.92	49.42	34.50
1056	48.84	56.04	55.89	47.51	55.97	59.68	49.49	34.51
1057	48.90	55.94	55.75	47.56	56.00	59.45	49.57	34.53
1058	48.95	55.83	55.61	47.62	56.01	59.22	49.63	34.54
1059	49.00	55.71	55.46	47.66	56.02	58.98	49.68	34.55
1060	49.05	55.59	55.30	47.71	56.02	58.75	49.74	34.56
1061	49.09	55.47	55.14	47.75	56.02	58.51	49.79	34.58
1062	49.13	55.34	54.97	47.79	56.00	58.28	49.83	34.59
1063	49.17	55.21	54.81	47.83	55.98	58.05	49.87	34.61
1064	49.21	55.08	54.63	47.86	55.96	57.82	49.90	34.62
1065	49.24	54.94	54.47	47.89	55.93	57.60	49.93	34.63
1066	49.28	54.81	54.29	47.92	55.90	57.38	49.95	34.64
1067	49.30	54.67	54.12	47.94	55.86	57.16	49.97	34.66
1068	49.33	54.53	53.94	47.96	55.81	56.96	49.98	34.67
1069	49.35	54.40	53.77	47.98	55.77	56.75	49.99	34.69
1070	49.38	54.25	53.60	47.99	55.72	56.55	49.99	34.70
1071	49.39	54.12	53.43	48.00	55.67	56.35	49.99	34.71
1072	49.41	53.98	53.26	48.01	55.61	56.15	49.98	34.73
1073	49.42	53.84	53.09	48.02	55.56	55.96	49.98	34.74
1074	49.44	53.70	52.92	48.02	55.50	55.78	49.96	34.76
1075	49.45	53.58	52.76	48.02	55.44	55.60	49.95	34.77
1076	49.45	53.44	52.59	48.02	55.37	55.42	49.93	34.78
1077	49.46	53.32	52.43	48.02	55.31	55.24	49.90	34.81
1078	49.46	53.18	52.27	48.01	55.24	55.07	49.88	34.82
1079	49.46	53.06	52.11	48.00	55.17	54.91	49.85	34.84
1080	49.46	52.92	51.96	47.99	55.10	54.74	49.81	34.85
1081	49.46	52.80	51.81	47.98	55.03	54.58	49.78	34.86
1082	49.46	52.67	51.66	47.97	54.96	54.42	49.74	34.88
1083	49.45	52.56	51.51	47.95	54.88	54.27	49.70	34.89
1084	49.44	52.43	51.36	47.94	54.81	54.12	49.66	34.91
1085	49.44	52.31	51.22	47.92	54.74	53.97	49.62	34.92
1086	49.43	52.20	51.07	47.90	54.66	53.83	49.57	34.94
1087	49.42	52.08	50.94	47.88	54.58	53.69	49.52	34.96
1088	49.41	51.97	50.80	47.86	54.50	53.55	49.47	34.97
1089	49.39	51.86	50.66	47.84	54.43	53.41	49.42	34.99
1090	49.38	51.75	50.53	47.81	54.35	53.28	49.36	35.01
1091	49.36	51.64	50.40	47.78	54.27	53.15	49.31	35.02
1092	49.35	51.53	50.27	47.76	54.19	53.02	49.25	35.04
1093	49.33	51.43	50.15	47.73	54.11	52.89	49.20	35.05
1094	49.31	51.32	50.03	47.70	54.03	52.77	49.14	35.07
1095	49.30	51.22	49.91	47.67	53.94	52.65	49.08	35.08
1096	49.27	51.12	49.79	47.65	53.87	52.53	49.01	35.10
1097	49.26	51.02	49.67	47.61	53.79	52.41	48.95	35.12
1098	49.24	50.92	49.55	47.59	53.71	52.30	48.89	35.13
1099	49.21	50.83	49.44	47.56	53.63	52.19	48.82	35.15
1100	49.19	50.73	49.33	47.52	53.55	52.08	48.76	35.17
1101	49.17	50.64	49.22	47.49	53.47	51.97	48.69	35.18
1102	49.15	50.55	49.11	47.45	53.39	51.86	48.63	35.20
1103	49.12	50.46	49.01	47.42	53.31	51.76	48.56	35.22
1104	49.10	50.37	48.91	47.39	53.22	51.65	48.50	35.24
1105	49.07	50.28	48.80	47.35	53.15	51.55	48.43	35.25
1106	49.05	50.20	48.70	47.32	53.07	51.45	48.36	35.27
1107	49.03	50.12	48.60	47.28	52.98	51.35	48.29	35.29
1108	49.00	50.03	48.51	47.24	52.91	51.25	48.22	35.30
1109	48.97	49.95	48.42	47.21	52.82	51.16	48.15	35.32
1110	48.95	49.87	48.32	47.17	52.74	51.07	48.09	35.33
1111	48.92	49.79	48.24	47.14	52.67	50.98	48.02	35.35
1112	48.89	49.71	48.15	47.10	52.59	50.88	47.95	35.36
1113	48.87	49.63	48.05	47.06	52.51	50.80	47.88	35.38
1114	48.83	49.56	47.97	47.02	52.43	50.71	47.81	35.39
1115	48.81	49.49	47.88	46.99	52.35	50.62	47.74	35.41
1116	48.78	49.41	47.80	46.95	52.27	50.53	47.67	35.43
1117	48.76	49.34	47.72	46.91	52.19	50.45	47.60	35.45
1118	48.73	49.27	47.64	46.87	52.11	50.37	47.54	35.46
1119	48.70	49.20	47.56	46.84	52.03	50.28	47.47	35.48
1120	48.67	49.14	47.49	46.80	51.95	50.20	47.39	35.49
1121	48.64	49.07	47.41	46.76	51.88	50.12	47.33	35.51
1122	48.61	49.00	47.34	46.72	51.81	50.04	47.26	35.52
1123	48.58	48.94	47.26	46.69	51.73	49.97	47.20	35.54
1124	48.55	48.87	47.20	46.65	51.65	49.91	47.13	35.55
1125	48.52	48.82	47.14	46.61	51.58	49.89	47.06	35.57
1126	48.49	48.78	47.09	46.57	51.50	49.92	46.99	35.58
1127	48.46	48.75	47.07	46.54	51.43	49.98	46.93	35.60
1128	48.43	48.75	47.07	46.50	51.36	50.10	46.86	35.61
1129	48.40	48.76	47.10	46.46	51.30	50.25	46.80	35.63
1130	48.37	48.79	47.15	46.42	51.24	50.44	46.74	35.64
1131	48.35	48.84	47.22	46.38	51.19	50.66	46.68	35.66
1132	48.32	48.91	47.31	46.35	51.15	50.89	46.62	35.67
1133	48.29	49.00	47.42	46.31	51.11	51.14	46.56	35.69
1134	48.26	49.10	47.55	46.28	51.09	51.40	46.51	35.70
1135	48.24	49.21	47.69	46.25	51.08	51.67	46.46	35.71
1136	48.22	49.34	47.84	46.22	51.08	51.94	46.41	35.72
1137	48.19	49.47	48.01	46.20	51.08	52.22	46.37	35.74
1138	48.17	49.62	48.19	46.17	51.10	52.50	46.33	35.75
1139	48.15	49.76	48.38	46.15	51.12	52.79	46.30	35.76
1140	48.14	49.93	48.57	46.13	51.15	53.07	46.28	35.78
1141	48.13	50.09	48.77	46.12	51.19	53.35	46.26	35.79
1142	48.11	50.26	48.97	46.11	51.24	53.63	46.24	35.80
1143	48.11	50.43	49.18	46.10	51.29	53.90	46.23	35.81
1144	48.10	50.60	49.39	46.09	51.35	54.17	46.23	35.82
1145	48.10	50.77	49.59	46.09	51.41	54.44	46.23	35.84
1146	48.10	50.95	49.81	46.09	51.48	54.70	46.23	35.85
1147	48.10	51.13	50.02	46.09	51.55	54.96	46.24	35.86
1148	48.11	51.31	50.23	46.10	51.62	55.21	46.25	35.87
1149	48.12	51.48	50.44	46.12	51.70	55.46	46.28	35.89
1150	48.13	51.66	50.66	46.13	51.78	55.70	46.30	35.90
1151	48.15	51.83	50.86	46.15	51.87	55.94	46.33	35.91
1152	48.17	52.01	51.08	46.16	51.96	56.18	46.36	35.92
1153	48.18	52.19	51.29	46.19	52.05	56.40	46.40	35.93
1154	48.21	52.36	51.49	46.22	52.15	56.63	46.44	35.94
1155	48.23	52.54	51.69	46.25	52.24	56.85	46.49	35.95
1156	48.26	52.71	51.90	46.28	52.34	57.06	46.54	35.96
1157	48.29	52.88	52.09	46.31	52.44	57.28	46.59	35.98
1158	48.31	53.05	52.29	46.35	52.55	57.48	46.64	35.98
1159	48.35	53.21	52.48	46.39	52.65	57.69	46.71	36.00
1160	48.38	53.38	52.68	46.43	52.75	57.90	46.76	36.00
1161	48.42	53.55	52.87	46.47	52.86	58.08	46.83	36.02
1162	48.46	53.71	53.05	46.52	52.96	58.28	46.90	36.02
1163	48.50	53.87	53.25	46.56	53.07	58.46	46.97	36.03
1164	48.54	54.03	53.42	46.61	53.18	58.65	47.05	36.04
1165	48.58	54.18	53.60	46.66	53.29	58.83	47.12	36.06
1166	48.62	54.33	53.78	46.71	53.40	59.01	47.20	36.07
1167	48.67	54.49	53.95	46.76	53.51	59.18	47.28	36.07
1168	48.71	54.64	54.12	46.81	53.62	59.35	47.36	36.09
1169	48.76	54.79	54.30	46.86	53.73	59.52	47.45	36.09
1170	48.81	54.93	54.46	46.92	53.84	59.68	47.53	36.10
1171	48.86	55.08	54.63	46.98	53.95	59.84	47.62	36.11
1172	48.91	55.22	54.79	47.04	54.07	60.01	47.71	36.12
1173	48.96	55.37	54.95	47.09	54.18	60.16	47.79	36.13
1174	49.01	55.50	55.10	47.15	54.29	60.32	47.89	36.14
1175	49.07	55.64	55.26	47.21	54.41	60.46	47.98	36.15
1176	49.12	55.77	55.40	47.27	54.52	60.62	48.07	36.16
1177	49.18	55.91	55.55	47.33	54.63	60.76	48.16	36.17
1178	49.23	56.04	55.70	47.40	54.75	60.91	48.25	36.17
1179	49.29	56.17	55.84	47.46	54.86	61.05	48.35	36.19
1180	49.34	56.30	55.98	47.52	54.97	61.19	48.44	36.19
1181	49.40	56.43	56.12	47.58	55.09	61.33	48.54	36.20
1182	49.46	56.55	56.26	47.65	55.21	61.46	48.63	36.21
1183	49.52	56.67	56.39	47.71	55.31	61.59	48.74	36.22
1184	49.57	56.79	56.53	47.78	55.42	61.72	48.83	36.23
1185	49.64	56.91	56.66	47.84	55.53	61.85	48.93	36.24
1186	49.69	57.04	56.79	47.91	55.65	61.98	49.03	36.25
1187	49.75	57.15	56.91	47.98	55.76	62.11	49.13	36.26
1188	49.81	57.27	57.04	48.04	55.87	62.23	49.23	36.26
1189	49.87	57.38	57.16	48.11	55.98	62.36	49.33	36.28
1190	49.93	57.49	57.28	48.18	56.10	62.47	49.43	36.28
1191	49.99	57.60	57.40	48.24	56.20	62.60	49.53	36.29
1192	50.05	57.71	57.52	48.31	56.31	62.71	49.63	36.30
1193	50.12	57.82	57.63	48.37	56.42	62.83	49.73	36.31
1194	50.17	57.93	57.74	48.44	56.53	62.94	49.83	36.32
1195	50.24	58.03	57.85	48.51	56.64	63.06	49.92	36.33
1196	50.29	58.13	57.96	48.57	56.75	63.17	50.02	36.34
1197	50.36	58.24	58.07	48.64	56.86	63.28	50.12	36.34
1198	50.42	58.34	58.18	48.71	56.97	63.39	50.22	36.36
1199	50.48	58.44	58.29	48.77	57.07	63.50	50.31	36.37
1200	50.54	58.54	58.39	48.84	57.18	63.60	50.42	36.37
1201	50.60	58.63	58.49	48.91	57.28	63.71	50.51	36.39
1202	50.67	58.73	58.59	48.98	57.39	63.81	50.61	36.40
1203	50.73	58.82	58.68	49.04	57.50	63.91	50.71	36.41
1204	50.79	58.91	58.78	49.11	57.60	64.00	50.81	36.42
1205	50.86	59.00	58.87	49.18	57.70	64.06	50.91	36.43
1206	50.92	59.07	58.93	49.25	57.81	64.07	51.00	36.44
1207	50.98	59.13	58.99	49.31	57.91	64.03	51.09	36.45
1208	51.04	59.17	59.01	49.38	58.00	63.96	51.19	36.46
1209	51.10	59.19	59.02	49.45	58.10	63.85	51.28	36.47
1210	51.17	59.20	59.00	49.52	58.19	63.72	51.37	36.48
1211	51.23	59.18	58.97	49.58	58.27	63.55	51.46	36.49
1212	51.29	59.15	58.91	49.65	58.34	63.37	51.56	36.50
1213	51.35	59.10	58.83	49.71	58.40	63.17	51.64	36.51
1214	51.41	59.03	58.74	49.77	58.46	62.96	51.72	36.52
1215	51.47	58.96	58.63	49.83	58.51	62.73	51.79	36.54
1216	51.52	58.88	58.51	49.89	58.54	62.50	51.87	36.55
1217	51.57	58.78	58.38	49.94	58.57	62.27	51.94	36.56
1218	51.63	58.68	58.25	49.99	58.58	62.03	52.00	36.57
1219	51.68	58.56	58.09	50.04	58.60	61.80	52.06	36.58
1220	51.73	58.45	57.94	50.09	58.60	61.55	52.11	36.59
1221	51.77	58.32	57.78	50.13	58.60	61.32	52.17	36.60
1222	51.82	58.20	57.61	50.17	58.59	61.08	52.21	36.62
1223	51.85	58.07	57.45	50.21	58.57	60.85	52.25	36.62
1224	51.89	57.93	57.27	50.24	58.55	60.62	52.29	36.64
1225	51.93	57.80	57.10	50.27	58.52	60.39	52.32	36.65
1226	51.96	57.66	56.93	50.30	58.49	60.17	52.34	36.67
1227	51.99	57.52	56.76	50.32	58.46	59.95	52.36	36.68
1228	52.01	57.38	56.58	50.34	58.41	59.73	52.38	36.70
1229	52.04	57.24	56.41	50.36	58.37	59.52	52.39	36.71
1230	52.06	57.10	56.23	50.37	58.33	59.31	52.40	36.72
1231	52.07	56.96	56.05	50.38	58.27	59.11	52.40	36.74
1232	52.09	56.82	55.88	50.40	58.22	58.90	52.39	36.75
1233	52.11	56.68	55.71	50.40	58.16	58.71	52.39	36.76
1234	52.11	56.54	55.54	50.41	58.10	58.52	52.37	36.78
1235	52.12	56.40	55.37	50.40	58.04	58.34	52.36	36.79
1236	52.13	56.27	55.20	50.41	57.98	58.15	52.34	36.80
1237	52.14	56.13	55.04	50.41	57.91	57.97	52.32	36.82
1238	52.14	56.00	54.88	50.40	57.84	57.79	52.29	36.83
1239	52.14	55.87	54.71	50.38	57.77	57.62	52.27	36.85
1240	52.14	55.74	54.55	50.37	57.70	57.45	52.23	36.86
1241	52.13	55.60	54.39	50.35	57.62	57.29	52.20	36.87
1242	52.13	55.48	54.24	50.34	57.56	57.13	52.16	36.89
1243	52.12	55.35	54.08	50.32	57.48	56.97	52.11	36.91
1244	52.12	55.23	53.94	50.31	57.41	56.81	52.08	36.92
1245	52.11	55.11	53.79	50.29	57.33	56.66	52.03	36.93
1246	52.09	54.98	53.64	50.27	57.26	56.51	51.99	36.95
1247	52.08	54.86	53.50	50.25	57.18	56.37	51.94	36.97
1248	52.07	54.75	53.36	50.23	57.10	56.22	51.89	36.98
1249	52.06	54.63	53.22	50.20	57.02	56.08	51.84	37.00
1250	52.04	54.51	53.08	50.18	56.94	55.95	51.78	37.01
1251	52.03	54.41	52.95	50.16	56.86	55.81	51.73	37.03
1252	52.01	54.29	52.82	50.13	56.77	55.67	51.67	37.04
1253	51.99	54.18	52.69	50.10	56.70	55.55	51.62	37.06
1254	51.97	54.08	52.56	50.07	56.61	55.42	51.56	37.07
1255	51.95	53.97	52.43	50.04	56.53	55.30	51.49	37.09
1256	51.93	53.86	52.31	50.01	56.45	55.18	51.43	37.11
1257	51.91	53.76	52.19	49.98	56.37	55.05	51.37	37.13
1258	51.88	53.66	52.07	49.95	56.29	54.93	51.31	37.14
1259	51.86	53.56	51.96	49.92	56.20	54.82	51.24	37.15
1260	51.84	53.46	51.84	49.88	56.12	54.70	51.18	37.16
1261	51.82	53.37	51.73	49.85	56.04	54.59	51.11	37.18
1262	51.79	53.27	51.62	49.81	55.96	54.48	51.04	37.19
1263	51.77	53.18	51.51	49.78	55.87	54.37	50.97	37.21
1264	51.74	53.09	51.40	49.74	55.79	54.26	50.90	37.23
1265	51.72	53.00	51.30	49.70	55.71	54.16	50.84	37.24
1266	51.69	52.90	51.19	49.67	55.63	54.05	50.77	37.26
1267	51.66	52.82	51.09	49.63	55.54	53.95	50.69	37.27
1268	51.63	52.73	50.99	49.60	55.46	53.85	50.63	37.29
1269	51.61	52.65	50.90	49.56	55.38	53.75	50.55	37.31
1270	51.58	52.56	50.80	49.52	55.30	53.65	50.49	37.32
1271	51.55	52.48	50.70	49.48	55.21	53.56	50.42	37.34
1272	51.52	52.40	50.61	49.44	55.13	53.46	50.35	37.36
1273	51.49	52.32	50.52	49.40	55.05	53.37	50.27	37.37
1274	51.46	52.24	50.43	49.37	54.97	53.28	50.20	37.39
1275	51.43	52.16	50.34	49.33	54.89	53.19	50.13	37.40
1276	51.40	52.09	50.26	49.29	54.81	53.10	50.06	37.42
1277	51.37	52.01	50.17	49.25	54.73	53.01	49.99	37.43
1278	51.34	51.94	50.09	49.21	54.65	52.92	49.93	37.44
1279	51.31	51.87	50.01	49.17	54.57	52.84	49.85	37.46
1280	51.28	51.80	49.93	49.13	54.49	52.75	49.79	37.48
1281	51.25	51.73	49.85	49.09	54.41	52.67	49.71	37.49
1282	51.22	51.66	49.77	49.06	54.33	52.59	49.65	37.51
1283	51.18	51.59	49.70	49.01	54.25	52.52	49.58	37.52
1284	51.15	51.53	49.64	48.98	54.17	52.49	49.51	37.53
1285	51.12	51.48	49.59	48.94	54.10	52.50	49.43	37.55
1286	51.09	51.44	49.55	48.90	54.02	52.55	49.37	37.56
1287	51.06	51.43	49.54	48.86	53.95	52.65	49.30	37.58
1288	51.03	51.43	49.55	48.82	53.88	52.79	49.24	37.59
1289	50.99	51.46	49.59	48.77	53.81	52.96	49.17	37.60
1290	50.97	51.50	49.65	48.74	53.77	53.17	49.10	37.62
1291	50.94	51.56	49.74	48.70	53.72	53.39	49.04	37.63
1292	50.91	51.64	49.84	48.66	53.68	53.63	48.98	37.64
1293	50.88	51.74	49.96	48.63	53.65	53.89	48.93	37.66
1294	50.85	51.84	50.10	48.60	53.64	54.15	48.87	37.67
1295	50.82	51.96	50.25	48.56	53.63	54.42	48.83	37.69
1296	50.80	52.08	50.41	48.53	53.63	54.69	48.78	37.70
1297	50.78	52.22	50.58	48.51	53.64	54.97	48.74	37.71
1298	50.76	52.37	50.76	48.49	53.66	55.25	48.71	37.73
1299	50.74	52.52	50.95	48.47	53.68	55.53	48.68	37.74
1300	50.72	52.68	51.14	48.45	53.71	55.80	48.65	37.75
1301	50.71	52.84	51.34	48.43	53.75	56.08	48.63	37.76
1302	50.70	53.00	51.54	48.42	53.80	56.35	48.62	37.77
1303	50.69	53.17	51.74	48.41	53.85	56.61	48.61	37.79
1304	50.69	53.34	51.95	48.41	53.91	56.88	48.61	37.80
1305	50.69	53.52	52.16	48.41	53.97	57.13	48.61	37.81
1306	50.69	53.68	52.35	48.41	54.04	57.39	48.61	37.83
1307	50.69	53.86	52.57	48.42	54.11	57.63	48.62	37.83
1308	50.70	54.03	52.78	48.43	54.19	57.88	48.64	37.85
1309	50.70	54.21	52.99	48.44	54.27	58.12	48.66	37.85
1310	50.72	54.38	53.19	48.45	54.35	58.36	48.69	37.86
1311	50.73	54.56	53.40	48.47	54.44	58.59	48.72	37.88
1312	50.75	54.73	53.60	48.49	54.52	58.82	48.75	37.89
1313	50.77	54.90	53.80	48.52	54.62	59.04	48.79	37.90
1314	50.79	55.07	54.00	48.54	54.70	59.25	48.83	37.90
1315	50.81	55.24	54.21	48.57	54.80	59.47	48.87	37.92
1316	50.84	55.41	54.39	48.60	54.90	59.68	48.93	37.92
1317	50.87	55.57	54.59	48.64	55.00	59.88	48.98	37.94
1318	50.90	55.73	54.78	48.67	55.10	60.08	49.03	37.95
1319	50.93	55.90	54.98	48.70	55.20	60.28	49.10	37.95
1320	50.96	56.06	55.16	48.75	55.30	60.47	49.16	37.96
1321	51.00	56.22	55.34	48.79	55.40	60.66	49.22	37.97
1322	51.04	56.38	55.52	48.83	55.50	60.85	49.29	37.98
1323	51.07	56.53	55.70	48.87	55.61	61.03	49.36	38.00
1324	51.11	56.68	55.88	48.93	55.71	61.21	49.43	38.00
1325	51.15	56.83	56.05	48.97	55.82	61.38	49.51	38.01
1326	51.19	56.99	56.23	49.02	55.93	61.55	49.58	38.02
1327	51.24	57.13	56.39	49.07	56.03	61.72	49.66	38.03
1328	51.28	57.28	56.56	49.13	56.14	61.89	49.74	38.04
1329	51.33	57.42	56.72	49.18	56.25	62.05	49.82	38.05
1330	51.37	57.56	56.88	49.23	56.36	62.21	49.90	38.06
1331	51.42	57.70	57.04	49.29	56.47	62.37	49.99	38.07
1332	51.47	57.84	57.20	49.34	56.58	62.52	50.07	38.07
1333	51.52	57.98	57.35	49.40	56.69	62.67	50.16	38.09
1334	51.57	58.11	57.50	49.45	56.80	62.82	50.25	38.09
1335	51.62	58.25	57.65	49.51	56.91	62.96	50.34	38.10
1336	51.68	58.38	57.79	49.58	57.02	63.11	50.43	38.11
1337	51.73	58.51	57.94	49.63	57.13	63.25	50.52	38.12
1338	51.78	58.64	58.08	49.69	57.24	63.39	50.61	38.13
1339	51.84	58.76	58.22	49.75	57.35	63.52	50.71	38.13
1340	51.89	58.88	58.36	49.82	57.46	63.66	50.80	38.14
1341	51.94	59.01	58.49	49.88	57.57	63.79	50.90	38.15
1342	52.00	59.13	58.63	49.94	57.67	63.92	50.99	38.16
1343	52.05	59.25	58.75	50.00	57.78	64.05	51.09	38.17
1344	52.11	59.37	58.89	50.07	57.89	64.18	51.18	38.18
1345	52.17	59.48	59.01	50.13	58.00	64.30	51.28	38.19
1346	52.22	59.59	59.13	50.19	58.11	64.43	51.38	38.19
1347	52.28	59.71	59.26	50.25	58.22	64.55	51.47	38.20
1348	52.34	59.82	59.37	50.32	58.33	64.67	51.57	38.21
1349	52.39	59.93	59.49	50.38	58.43	64.78	51.67	38.22
1350	52.45	60.04	59.61	50.45	58.54	64.90	51.76	38.23
1351	52.52	60.14	59.72	50.51	58.65	65.02	51.86	38.23
1352	52.57	60.25	59.83	50.58	58.76	65.14	51.96	38.24
1353	52.63	60.35	59.94	50.64	58.86	65.24	52.05	38.25
1354	52.69	60.46	60.05	50.71	58.96	65.35	52.15	38.26
1355	52.75	60.55	60.16	50.77	59.07	65.46	52.25	38.27
1356	52.81	60.65	60.27	50.83	59.18	65.57	52.34	38.28
1357	52.87	60.75	60.37	50.90	59.28	65.69	52.44	38.29
1358	52.93	60.85	60.47	50.96	59.38	65.78	52.54	38.30
1359	52.98	60.95	60.57	51.02	59.49	65.88	52.63	38.31
1360	53.05	61.04	60.67	51.09	59.59	65.99	52.73	38.31
1361	53.11	61.14	60.77	51.15	59.70	66.08	52.82	38.33
1362	53.17	61.23	60.86	51.21	59.80	66.19	52.91	38.34
1363	53.22	61.32	60.96	51.28	59.90	66.29	53.01	38.34
1364	53.28	61.41	61.05	51.35	60.00	66.36	53.10	38.35
1365	53.35	61.49	61.13	51.41	60.10	66.41	53.20	38.36
1366	53.41	61.56	61.19	51.48	60.21	66.41	53.29	38.37
1367	53.46	61.61	61.23	51.54	60.30	66.37	53.38	38.38
1368	53.52	61.64	61.25	51.61	60.39	66.30	53.47	38.39
1369	53.58	61.66	61.26	51.68	60.48	66.18	53.56	38.40
1370	53.64	61.66	61.23	51.73	60.57	66.03	53.65	38.41
1371	53.70	61.64	61.19	51.80	60.64	65.87	53.74	38.42
1372	53.76	61.60	61.12	51.86	60.71	65.69	53.82	38.43
1373	53.82	61.55	61.04	51.92	60.77	65.48	53.90	38.44
1374	53.88	61.48	60.95	51.98	60.83	65.26	53.98	38.46
1375	53.93	61.40	60.84	52.03	60.86	65.03	54.05	38.47
1376	53.99	61.31	60.72	52.09	60.90	64.80	54.13	38.48
1377	54.04	61.21	60.58	52.14	60.92	64.57	54.19	38.49
1378	54.09	61.10	60.43	52.19	60.94	64.33	54.26	38.50
1379	54.14	60.99	60.29	52.24	60.95	64.09	54.32	38.51
1380	54.18	60.87	60.13	52.28	60.94	63.84	54.37	38.52
1381	54.22	60.74	59.97	52.32	60.94	63.61	54.42	38.54
1382	54.26	60.61	59.80	52.36	60.93	63.37	54.46	38.55
1383	54.30	60.48	59.63	52.40	60.91	63.14	54.49	38.56
1384	54.34	60.34	59.45	52.43	60.88	62.91	54.53	38.57
1385	54.37	60.20	59.28	52.45	60.85	62.67	54.55	38.58
1386	54.40	60.06	59.10	52.48	60.82	62.45	54.57	38.59
1387	54.43	59.92	58.92	52.50	60.78	62.23	54.59	38.61
1388	54.45	59.78	58.75	52.52	60.73	62.01	54.60	38.62
1389	54.47	59.64	58.57	52.53	60.69	61.80	54.61	38.63
1390	54.49	59.50	58.39	52.54	60.63	61.59	54.61	38.65
1391	54.50	59.35	58.22	52.55	60.58	61.38	54.61	38.66
1392	54.52	59.21	58.04	52.56	60.52	61.18	54.61	38.67
1393	54.53	59.07	57.87	52.56	60.46	60.98	54.59	38.69
1394	54.54	58.93	57.69	52.56	60.40	60.79	54.58	38.70
1395	54.54	58.79	57.52	52.56	60.34	60.60	54.56	38.71
1396	54.54	58.65	57.35	52.56	60.27	60.42	54.54	38.73
1397	54.55	58.51	57.19	52.55	60.20	60.23	54.52	38.74
1398	54.55	58.38	57.02	52.54	60.13	60.06	54.49	38.76
1399	54.55	58.24	56.86	52.53	60.06	59.89	54.46	38.77
1400	54.54	58.11	56.70	52.51	59.99	59.71	54.43	38.78
1401	54.53	57.98	56.54	52.50	59.91	59.55	54.39	38.80
1402	54.53	57.85	56.38	52.49	59.84	59.38	54.35	38.81
1403	54.52	57.72	56.23	52.47	59.76	59.22	54.31	38.82
1404	54.51	57.59	56.08	52.45	59.68	59.07	54.26	38.84
1405	54.50	57.47	55.93	52.43	59.60	58.91	54.22	38.85
1406	54.48	57.35	55.78	52.41	59.52	58.77	54.16	38.87
1407	54.47	57.23	55.64	52.38	59.44	58.61	54.11	38.88
1408	54.46	57.11	55.50	52.36	59.36	58.47	54.06	38.89
1409	54.44	56.99	55.36	52.33	59.28	58.33	54.01	38.91
1410	54.42	56.87	55.22	52.30	59.20	58.20	53.95	38.92
1411	54.40	56.76	55.09	52.27	59.12	58.05	53.89	38.94
1412	54.38	56.65	54.95	52.25	59.03	57.92	53.83	38.95
1413	54.37	56.53	54.82	52.22	58.95	57.79	53.77	38.97
1414	54.34	56.43	54.69	52.18	58.87	57.66	53.71	38.98
1415	54.32	56.32	54.56	52.15	58.78	57.53	53.64	39.00
1416	54.29	56.21	54.44	52.12	58.70	57.41	53.58	39.01
1417	54.27	56.11	54.31	52.08	58.61	57.29	53.52	39.03
1418	54.25	56.00	54.19	52.05	58.53	57.17	53.45	39.05
1419	54.22	55.90	54.07	52.01	58.44	57.05	53.38	39.06
1420	54.20	55.80	53.96	51.98	58.36	56.93	53.31	39.07
1421	54.17	55.70	53.85	51.95	58.27	56.82	53.25	39.09
1422	54.14	55.61	53.74	51.91	58.19	56.71	53.18	39.10
1423	54.11	55.51	53.63	51.87	58.11	56.59	53.11	39.12
1424	54.09	55.42	53.52	51.84	58.02	56.49	53.04	39.13
1425	54.06	55.33	53.41	51.80	57.93	56.38	52.97	39.15
1426	54.03	55.23	53.30	51.76	57.85	56.28	52.89	39.16
1427	54.00	55.15	53.20	51.72	57.77	56.17	52.83	39.18
1428	53.97	55.06	53.10	51.69	57.68	56.07	52.75	39.19
1429	53.94	54.97	53.00	51.64	57.60	55.97	52.69	39.21
1430	53.91	54.88	52.91	51.60	57.52	55.87	52.61	39.22
1431	53.88	54.80	52.81	51.57	57.43	55.77	52.54	39.24
1432	53.85	54.72	52.72	51.53	57.35	55.67	52.46	39.25
1433	53.82	54.64	52.63	51.49	57.27	55.58	52.39	39.27
1434	53.78	54.56	52.54	51.44	57.19	55.48	52.32	39.29
1435	53.76	54.48	52.45	51.41	57.10	55.39	52.25	39.30
1436	53.72	54.40	52.36	51.36	57.02	55.30	52.18	39.31
1437	53.69	54.32	52.27	51.33	56.94	55.21	52.11	39.33
1438	53.66	54.25	52.19	51.28	56.85	55.12	52.03	39.34
1439	53.63	54.17	52.10	51.24	56.77	55.03	51.96	39.36
1440	53.60	54.10	52.02	51.20	56.69	54.94	51.89	39.37
1441	53.56	54.03	51.94	51.16	56.61	54.86	51.82	39.39
1442	53.53	53.96	51.87	51.12	56.53	54.77	51.75	39.40
1443	53.50	53.89	51.79	51.08	56.45	54.70	51.68	39.41
1444	53.47	53.82	51.72	51.04	56.37	54.64	51.61	39.43
1445	53.43	53.76	51.66	51.00	56.29	54.62	51.54	39.44
1446	53.40	53.72	51.61	50.96	56.21	54.65	51.47	39.45
1447	53.37	53.69	51.59	50.91	56.13	54.72	51.40	39.47
1448	53.33	53.68	51.59	50.87	56.06	54.83	51.33	39.48
1449	53.30	53.69	51.61	50.83	55.99	54.99	51.27	39.49
1450	53.27	53.72	51.66	50.79	55.93	55.17	51.20	39.51
1451	53.23	53.77	51.72	50.75	55.88	55.38	51.13	39.52
1452	53.20	53.83	51.81	50.71	55.84	55.60	51.07	39.53
1453	53.17	53.91	51.92	50.67	55.80	55.85	51.01	39.54
1454	53.14	54.01	52.05	50.64	55.77	56.10	50.95	39.56
1455	53.11	54.12	52.18	50.60	55.76	56.37	50.90	39.57
1456	53.08	54.24	52.34	50.58	55.75	56.63	50.86	39.58
1457	53.05	54.37	52.50	50.54	55.75	56.91	50.81	39.59
1458	53.03	54.51	52.67	50.52	55.76	57.18	50.77	39.61
1459	53.01	54.65	52.86	50.49	55.78	57.45	50.74	39.62
1460	52.99	54.81	53.04	50.47	55.81	57.72	50.71	39.63
1461	52.97	54.96	53.24	50.46	55.84	58.00	50.68	39.64
1462	52.96	55.12	53.43	50.44	55.88	58.26	50.67	39.65
1463	52.95	55.29	53.63	50.43	55.93	58.52	50.65	39.66
1464	52.94	55.45	53.83	50.42	55.98	58.79	50.64	39.67
1465	52.93	55.62	54.04	50.42	56.04	59.04	50.64	39.69
1466	52.93	55.79	54.25	50.42	56.10	59.30	50.64	39.70
1467	52.93	55.96	54.45	50.42	56.17	59.54	50.65	39.70
1468	52.93	56.13	54.66	50.42	56.24	59.79	50.66	39.71
1469	52.94	56.31	54.86	50.43	56.31	60.03	50.68	39.73
1470	52.95	56.47	55.07	50.45	56.39	60.27	50.70	39.74
1471	52.96	56.64	55.27	50.46	56.47	60.50	50.73	39.75
1472	52.97	56.81	55.48	50.47	56.56	60.72	50.76	39.76
1473	52.98	56.98	55.68	50.49	56.64	60.94	50.79	39.77
1474	53.00	57.15	55.87	50.52	56.73	61.16	50.84	39.78
1475	53.02	57.32	56.07	50.54	56.82	61.37	50.88	39.79
1476	53.05	57.48	56.26	50.57	56.92	61.58	50.92	39.80
1477	53.07	57.65	56.46	50.60	57.01	61.79	50.97	39.81
1478	53.10	57.81	56.65	50.63	57.11	61.99	51.02	39.81
1479	53.13	57.97	56.83	50.67	57.20	62.18	51.07	39.82
1480	53.16	58.13	57.02	50.70	57.30	62.38	51.13	39.83
1481	53.19	58.29	57.20	50.75	57.40	62.56	51.20	39.84
1482	53.22	58.44	57.39	50.78	57.50	62.74	51.26	39.85
1483	53.26	58.59	57.56	50.83	57.60	62.93	51.33	39.86
1484	53.30	58.75	57.74	50.87	57.70	63.10	51.40	39.87
1485	53.33	58.90	57.91	50.91	57.81	63.28	51.47	39.87
1486	53.37	59.05	58.08	50.96	57.91	63.45	51.54	39.88
1487	53.41	59.20	58.25	51.01	58.02	63.62	51.62	39.89
1488	53.46	59.34	58.42	51.05	58.12	63.78	51.69	39.90
1489	53.50	59.48	58.57	51.11	58.23	63.94	51.77	39.91
1490	53.54	59.62	58.73	51.15	58.33	64.10	51.85	39.91
1491	53.59	59.76	58.89	51.21	58.44	64.25	51.93	39.92
1492	53.64	59.89	59.04	51.26	58.54	64.40	52.01	39.93
1493	53.68	60.03	59.20	51.32	58.65	64.56	52.10	39.94
1494	53.73	60.16	59.34	51.37	58.76	64.71	52.19	39.95
1495	53.78	60.29	59.49	51.43	58.87	64.85	52.27	39.95
1496	53.82	60.42	59.63	51.48	58.97	64.99	52.36	39.96
1497	53.87	60.55	59.78	51.54	59.08	65.13	52.44	39.97
1498	53.93	60.67	59.91	51.60	59.19	65.27	52.54	39.98
1499	53.98	60.81	60.06	51.66	59.29	65.41	52.63	39.98
1500	54.03	60.92	60.19	51.72	59.40	65.54	52.72	39.99
1501	54.08	61.05	60.32	51.77	59.51	65.67	52.81	40.00
1502	54.14	61.16	60.45	51.83	59.61	65.80	52.90	40.00
1503	54.19	61.28	60.58	51.89	59.72	65.93	52.99	40.01
1504	54.24	61.40	60.71	51.95	59.83	66.05	53.09	40.02
1505	54.30	61.51	60.83	52.01	59.93	66.18	53.18	40.03
1506	54.35	61.62	60.96	52.08	60.04	66.30	53.27	40.03
1507	54.41	61.74	61.07	52.14	60.15	66.42	53.37	40.04
1508	54.46	61.85	61.20	52.20	60.26	66.54	53.46	40.05
1509	54.52	61.96	61.31	52.26	60.36	66.65	53.55	40.06
1510	54.57	62.06	61.42	52.32	60.46	66.77	53.65	40.06
1511	54.63	62.17	61.54	52.39	60.56	66.88	53.74	40.07
1512	54.68	62.27	61.65	52.45	60.67	67.00	53.84	40.08
1513	54.74	62.37	61.76	52.51	60.78	67.10	53.93	40.09
1514	54.80	62.47	61.87	52.57	60.88	67.21	54.03	40.10
1515	54.86	62.57	61.97	52.64	60.98	67.32	54.12	40.10
1516	54.91	62.67	62.08	52.69	61.08	67.43	54.22	40.11
1517	54.97	62.77	62.18	52.76	61.19	67.53	54.31	40.12
1518	55.03	62.87	62.28	52.82	61.29	67.63	54.41	40.13
1519	55.08	62.96	62.38	52.88	61.39	67.74	54.50	40.13
1520	55.14	63.06	62.48	52.95	61.49	67.84	54.59	40.15
1521	55.20	63.14	62.57	53.00	61.59	67.94	54.69	40.16
1522	55.26	63.24	62.66	53.07	61.70	68.04	54.78	40.16
1523	55.32	63.33	62.76	53.13	61.79	68.13	54.87	40.17
1524	55.38	63.42	62.84	53.19	61.89	68.20	54.97	40.18
1525	55.43	63.49	62.91	53.25	61.99	68.23	55.06	40.19
1526	55.49	63.55	62.98	53.32	62.09	68.22	55.15	40.20
1527	55.55	63.60	63.01	53.38	62.18	68.17	55.24	40.21
1528	55.60	63.62	63.02	53.44	62.27	68.08	55.33	40.22
1529	55.66	63.63	63.02	53.51	62.36	67.96	55.42	40.22
1530	55.72	63.63	62.99	53.57	62.44	67.81	55.51	40.23
1531	55.78	63.60	62.95	53.63	62.51	67.63	55.60	40.24
1532	55.83	63.56	62.87	53.69	62.57	67.44	55.68	40.25
1533	55.89	63.50	62.79	53.75	62.63	67.23	55.76	40.26
1534	55.94	63.43	62.69	53.81	62.67	67.01	55.84	40.27
1535	55.99	63.35	62.58	53.86	62.71	66.79	55.91	40.28
1536	56.05	63.25	62.45	53.92	62.74	66.56	55.98	40.29
1537	56.10	63.15	62.31	53.97	62.76	66.31	56.04	40.31
1538	56.14	63.04	62.17	54.01	62.77	66.07	56.11	40.31
1539	56.19	62.92	62.02	54.05	62.78	65.83	56.16	40.32
1540	56.23	62.80	61.86	54.10	62.77	65.60	56.21	40.33
1541	56.27	62.67	61.69	54.13	62.76	65.36	56.25	40.34
1542	56.31	62.54	61.52	54.17	62.74	65.12	56.30	40.36
1543	56.34	62.40	61.35	54.20	62.72	64.88	56.33	40.37
1544	56.37	62.26	61.18	54.23	62.70	64.65	56.36	40.38
1545	56.40	62.12	61.01	54.25	62.67	64.43	56.38	40.39
1546	56.43	61.98	60.83	54.28	62.63	64.20	56.40	40.40
1547	56.45	61.84	60.65	54.30	62.59	63.98	56.42	40.41
1548	56.47	61.70	60.47	54.31	62.54	63.76	56.43	40.43
1549	56.49	61.55	60.29	54.33	62.49	63.56	56.43	40.43
1550	56.50	61.41	60.12	54.33	62.44	63.34	56.43	40.44
1551	56.52	61.26	59.94	54.34	62.38	63.14	56.43	40.46
1552	56.53	61.13	59.77	54.34	62.32	62.94	56.42	40.47
1553	56.54	60.98	59.60	54.35	62.26	62.74	56.41	40.48
1554	56.54	60.84	59.42	54.34	62.20	62.54	56.39	40.50
1555	56.55	60.70	59.26	54.34	62.13	62.36	56.38	40.51
1556	56.55	60.56	59.08	54.33	62.06	62.18	56.35	40.52
1557	56.55	60.43	58.92	54.33	61.99	61.99	56.33	40.53
1558	56.55	60.29	58.76	54.32	61.92	61.82	56.30	40.55
1559	56.55	60.16	58.59	54.30	61.85	61.64	56.27	40.56
1560	56.54	60.02	58.43	54.29	61.78	61.48	56.23	40.57
1561	56.53	59.89	58.28	54.27	61.70	61.31	56.19	40.59
1562	56.52	59.75	58.12	54.25	61.62	61.15	56.15	40.60
1563	56.51	59.63	57.96	54.24	61.54	60.99	56.11	40.61
1564	56.50	59.51	57.82	54.22	61.46	60.83	56.06	40.63
1565	56.48	59.38	57.66	54.19	61.38	60.68	56.01	40.64
1566	56.47	59.26	57.52	54.17	61.31	60.53	55.96	40.65
1567	56.45	59.14	57.38	54.14	61.22	60.38	55.91	40.66
1568	56.43	59.01	57.23	54.11	61.14	60.24	55.86	40.68
1569	56.42	58.90	57.10	54.09	61.06	60.09	55.80	40.69
1570	56.40	58.78	56.95	54.06	60.97	59.96	55.74	40.71
1571	56.37	58.67	56.82	54.03	60.89	59.81	55.68	40.72
1572	56.35	58.55	56.69	54.00	60.81	59.68	55.62	40.73
1573	56.33	58.44	56.56	53.96	60.72	59.55	55.56	40.75
1574	56.31	58.33	56.43	53.94	60.63	59.42	55.50	40.76
1575	56.28	58.22	56.31	53.90	60.55	59.30	55.44	40.78
1576	56.26	58.11	56.18	53.86	60.47	59.18	55.37	40.79
1577	56.23	58.01	56.06	53.83	60.38	59.05	55.30	40.81
1578	56.20	57.90	55.94	53.80	60.30	58.93	55.24	40.82
1579	56.18	57.80	55.82	53.76	60.21	58.81	55.17	40.83
1580	56.15	57.70	55.70	53.72	60.13	58.69	55.10	40.85
1581	56.12	57.60	55.59	53.69	60.04	58.58	55.03	40.86
1582	56.10	57.51	55.48	53.65	59.95	58.47	54.96	40.87
1583	56.07	57.41	55.38	53.61	59.87	58.36	54.89	40.89
1584	56.04	57.31	55.27	53.57	59.79	58.25	54.82	40.91
1585	56.01	57.22	55.16	53.53	59.69	58.15	54.75	40.92
1586	55.98	57.13	55.05	53.49	59.61	58.03	54.68	40.93
1587	55.95	57.04	54.95	53.46	59.53	57.93	54.60	40.95
1588	55.91	56.95	54.85	53.41	59.44	57.83	54.53	40.96
1589	55.89	56.87	54.75	53.37	59.36	57.73	54.46	40.98
1590	55.85	56.78	54.65	53.33	59.27	57.63	54.39	40.99
1591	55.82	56.69	54.56	53.30	59.19	57.53	54.32	41.00
1592	55.79	56.61	54.47	53.25	59.10	57.43	54.25	41.02
1593	55.75	56.52	54.37	53.21	59.02	57.34	54.17	41.03
1594	55.72	56.45	54.28	53.17	58.93	57.24	54.10	41.04
1595	55.69	56.37	54.19	53.12	58.85	57.15	54.03	41.06
1596	55.65	56.29	54.11	53.09	58.77	57.06	53.96	41.07
1597	55.62	56.21	54.02	53.04	58.68	56.97	53.88	41.09
1598	55.58	56.13	53.94	53.00	58.60	56.88	53.81	41.10
1599	55.55	56.06	53.85	52.96	58.52	56.80	53.74	41.12
1600	55.52	55.99	53.77	52.92	58.43	56.71	53.66	41.13
1601	55.48	55.91	53.69	52.88	58.35	56.62	53.59	41.14
1602	55.45	55.84	53.61	52.83	58.27	56.54	53.52	41.15
1603	55.41	55.77	53.53	52.79	58.19	56.45	53.45	41.17
1604	55.38	55.70	53.46	52.74	58.11	56.37	53.37	41.18
1605	55.35	55.63	53.38	52.71	58.03	56.29	53.30	41.19
1606	55.31	55.56	53.31	52.66	57.95	56.21	53.24	41.20
1607	55.27	55.50	53.23	52.62	57.87	56.13	53.17	41.22
1608	55.24	55.43	53.16	52.58	57.79	56.05	53.09	41.23
1609	55.21	55.36	53.09	52.54	57.71	55.97	53.02	41.24
1610	55.17	55.30	53.02	52.50	57.63	55.90	52.95	41.25
1611	55.13	55.24	52.96	52.46	57.55	55.82	52.89	41.26