0	     294.85		 
60 	     296.15			
120 	 297.45			
180 	 298.45		
240 	 299.55		
300	     300.65			
360 	 301.95		
420 	 302.85	 	
480 	 304.05			
540 	 305.05	 		
600	     306.05	 		
660	     307.05	 		
720	     307.95	 		
780	     308.85	
840	     309.85	 	
900	     310.75	
960	     311.55 		
1020	 312.35	 		
1080	 313.15		
1140	 313.85			
1200	 314.55	 	
1260	 315.35			
1320	 316.05	 		
1380	 316.75			
1440	 317.45	
1500	 318.05			    
1560	 318.65		   
1620	 319.25			   
1680	 319.85		   
1740	 320.45			    
1800	 320.95			  
1860	 321.55			    
1920	 322.05	    
1980	 322.55			    
2040	 323.05		   
2100	 323.45	

