0.00    0.00        
0.00    0.46        
0.00    0.92        
0.00    1.38        
0.00    1.84        
0.00    2.30        
0.00    2.76        
0.00    3.22        
0.00    3.68        
0.00    4.14        
0.00    4.60        
0.00    5.06        
0.00    5.52        
0.40    5.75        
1.20    5.98        
1.60    6.21        
2.20    6.44        
2.80    6.67
4.60    6.90
6.00    7.13
7.20    7.36
3.80    7.59
1.60    7.82
0.30    8.28
0.00    8.74
0.00    9.20
0.00    9.66
0.00    10.12