-5      -644
-4.5        -596
-4        -540
-3.5        -485
-3        -418
-2.5        -353
-2        -283
-1.5        -212
-1        -137
-0.5        -63
0           0
0.5        63.2 
1        137.9
1.5        216.7
2        292.7
2.5        360.2
3        428.8
3.5        492.3
4        551.8
4.5        597.4
5        647.1



-3.0362 &  3.0362
 -8.448 &  8.4484
 -4.568 &  4.5681
 -2.731 &  2.7316
 -1.927 &  1.9279
 -1.438 &  1.4384
 -1.206 &  1.2064
 -1.014 &  1.0142
 -8.837 &  8.8374
 -7.907 &  7.9076