20      0.03    0.063   0.073   0.083   0.092
40      0.07    0.145   0.171   0.197   0.218
60      0.09    0.203   0.282   0.344   0.396
80      0.09    0.250   0.408   0.521   0.611
100     0.10    0.268   0.491   0.689   0.829
120     0.10    0.276   0.555   0.849   1.292
140     0.10    0.276   0.573   0.955   1.420
160     0.10    0.288   0.596   1.085   1.676
180     0.10    0.290   0.603   1.156   1.942
200     0.10    0.290   0.607   1.204   2.220
220     0.10    0.291   0.619   1.238   2.470
240     0.11    0.297   0.621   1.263   2.740
250     0.11    0.300   0.629   1.273   2.870