-20     0.0025      0.002
-19     0.0015      0.004
-18     0.002       0.011
-17     0.003       0.0095
-16     0.004       0.002   
-15     0.002       0.0045
-14     0.0015      0.015
-13     0.005       0.013
-12     0.007       0.004
-11     0.0055      0.006
-10     0.0025      0.021
-9      0.007       0.018
-8      0.0125      0.005
-7      0.0145      0.012
-6      0.008       0.16
-5      0.0075      0.2
-4      0.0285      0.02
-3.5    0.16        0.015
-3      0.24        0.023
-2.5    0.32        0.5
-2      0.4         1
-1.5    0.45        0.3
-1      0.46        3
-0.5    0.45        1.4
0.5     0.28        5
1       0.2         0.6
1.5     0.12        2.5
2       0.064       2.5
2.5     0.023       0.13
3       0.006       1
3.5     0.0025      0.28
4       0.007       0.05
5       0.011       0.0125
6       0.009       0.13
7       0.0035      0.09
8       0.0035      0.005
9       0.007       0.003
10      0.007       0.018
11      0.004       0.018
12      0.0015      0.0045
13      0.0025      0.004
14      0.004       0.012
15      0.002       0.012
16      0.0005      0.0025
17      0.0015      0.0025
18      0.003       0.008
19      0.0025      0.008
20      0.001       0.02  


